1,0,1
2,1,1
2,0,1
3,2,1
3,2,1
3,0,1
4,3,1
5,4,1
6,5,1
7,6,1
8,7,1
9,8,1
10,9,1
11,10,1
11,3,1
11,2,1
11,0,1
12,11,1
12,11,1
12,3,1
12,2,1
12,0,1
13,12,1
13,6,1
14,13,1
14,12,1
14,11,1
14,3,1
14,2,1
14,0,1
15,14,1
16,15,1
16,14,1
16,12,1
16,11,1
16,3,1
16,2,1
17,16,1
17,15,1
18,17,1
19,18,1
19,16,1
19,14,1
19,12,1
19,11,1
19,3,1
20,19,1
21,20,1
21,19,1
21,16,1
21,14,1
21,12,1
21,11,1
22,21,1
22,21,1
22,19,1
22,16,1
22,14,1
22,12,1
23,22,1
24,23,1
25,24,1
26,25,1
26,22,1
26,21,1
26,19,1
26,16,1
26,14,1
27,26,1
27,26,1
27,22,1
27,21,1
27,19,1
27,16,1
28,27,1
28,27,1
28,26,1
28,22,1
28,21,1
28,19,1
29,28,1
29,28,1
29,27,1
29,26,1
29,22,1
29,21,1
30,29,1
30,7,1
31,30,1
31,29,1
31,28,1
31,27,1
31,26,1
31,22,1
32,31,1
32,9,1
33,32,1
33,10,1
34,33,1
35,34,1
36,35,1
36,31,1
36,29,1
36,28,1
36,27,1
36,26,1
37,36,1
37,17,1
37,15,1
38,37,1
38,37,1
38,17,1
38,15,1
39,38,1
40,39,1
41,40,1
41,36,1
41,31,1
41,29,1
41,28,1
41,27,1
42,41,1
43,42,1
43,41,1
43,36,1
43,31,1
43,29,1
43,28,1
44,43,1
45,44,1
45,43,1
45,41,1
45,36,1
45,31,1
45,29,1
46,45,1
46,4,1
47,46,1
47,5,1
48,47,1
48,45,1
48,43,1
48,41,1
48,36,1
48,31,1
49,48,1
49,8,1
50,49,1
50,48,1
50,45,1
50,43,1
50,41,1
50,36,1
51,50,1
51,13,1
51,6,1
52,51,1
53,52,1
53,30,1
53,7,1
54,53,1
54,32,1
54,9,1
55,54,1
55,33,1
55,10,1
56,55,1
56,50,1
56,48,1
56,45,1
56,43,1
56,41,1
57,56,1
57,51,1
57,13,1
57,6,1
58,57,1
58,38,1
58,37,1
58,17,1
58,15,1
59,58,1
59,56,1
59,50,1
59,48,1
59,45,1
59,43,1
60,59,1
61,60,1
61,58,1
61,38,1
61,37,1
61,17,1
61,15,1
62,61,1
62,18,1
63,62,1
64,63,1
65,64,1
66,65,1
66,59,1
66,56,1
66,50,1
66,48,1
66,45,1
67,66,1
67,23,1
68,67,1
69,68,1
70,69,1
70,66,1
70,59,1
70,56,1
70,50,1
70,48,1
71,70,1
71,70,1
71,66,1
71,59,1
71,56,1
71,50,1
72,71,1
72,71,1
72,70,1
72,66,1
72,59,1
72,56,1
73,72,1
73,53,1
73,30,1
73,7,1
74,73,1
74,72,1
74,71,1
74,70,1
74,66,1
74,59,1
75,74,1
75,54,1
75,32,1
75,9,1
76,75,1
76,55,1
76,33,1
76,10,1
77,76,1
77,74,1
77,72,1
77,71,1
77,70,1
77,66,1
78,77,1
78,61,1
78,58,1
78,38,1
78,37,1
78,17,1
79,78,1
79,78,1
79,61,1
79,58,1
79,38,1
79,37,1
80,79,1
80,77,1
80,74,1
80,72,1
80,71,1
80,70,1
81,80,1
81,35,1
82,81,1
83,82,1
83,80,1
83,77,1
83,74,1
83,72,1
83,71,1
84,83,1
84,83,1
84,80,1
84,77,1
84,74,1
84,72,1
85,84,1
85,46,1
85,4,1
86,85,1
86,47,1
86,5,1
87,86,1
88,87,1
88,84,1
88,83,1
88,80,1
88,77,1
88,74,1
89,88,1
89,49,1
89,8,1
90,89,1
90,57,1
90,51,1
90,13,1
90,6,1
91,90,1
91,73,1
91,53,1
91,30,1
91,7,1
92,91,1
92,75,1
92,54,1
92,32,1
92,9,1
93,92,1
93,76,1
93,55,1
93,33,1
93,10,1
94,93,1
94,88,1
94,84,1
94,83,1
94,80,1
94,77,1
95,94,1
95,94,1
95,88,1
95,84,1
95,83,1
95,80,1
96,95,1
96,90,1
96,57,1
96,51,1
96,13,1
96,6,1
97,96,1
97,63,1
98,97,1
98,95,1
98,94,1
98,88,1
98,84,1
98,83,1
99,98,1
99,79,1
99,78,1
99,61,1
99,58,1
99,38,1
100,99,1
100,99,1
100,79,1
100,78,1
100,61,1
100,58,1
101,100,1
101,98,1
101,95,1
101,94,1
101,88,1
101,84,1
102,101,1
102,62,1
102,18,1
103,102,1
104,103,1
104,101,1
104,98,1
104,95,1
104,94,1
104,88,1
105,104,1
105,104,1
105,101,1
105,98,1
105,95,1
105,94,1
106,105,1
106,67,1
106,23,1
107,106,1
108,107,1
109,108,1
109,105,1
109,104,1
109,101,1
109,98,1
109,95,1
110,109,1
110,109,1
110,105,1
110,104,1
110,101,1
110,98,1
111,110,1
111,110,1
111,109,1
111,105,1
111,104,1
111,101,1
112,111,1
112,91,1
112,73,1
112,53,1
112,30,1
112,7,1
113,112,1
113,111,1
113,110,1
113,109,1
113,105,1
113,104,1
114,113,1
114,113,1
114,111,1
114,110,1
114,109,1
114,105,1
115,114,1
115,92,1
115,75,1
115,54,1
115,32,1
115,9,1
116,115,1
116,93,1
116,76,1
116,55,1
116,33,1
116,10,1
117,116,1
117,114,1
117,113,1
117,111,1
117,110,1
117,109,1
118,117,1
118,100,1
118,99,1
118,79,1
118,78,1
118,61,1
119,118,1
119,107,1
120,119,1
120,118,1
120,100,1
120,99,1
120,79,1
120,78,1
121,120,1
121,117,1
121,114,1
121,113,1
121,111,1
121,110,1
122,121,1
122,121,1
122,117,1
122,114,1
122,113,1
122,111,1
123,122,1
123,42,1
124,123,1
125,124,1
125,122,1
125,121,1
125,117,1
125,114,1
125,113,1
126,125,1
126,125,1
126,122,1
126,121,1
126,117,1
126,114,1
127,126,1
127,96,1
127,90,1
127,57,1
127,51,1
127,13,1
128,127,1
128,97,1
128,63,1
129,128,1
130,129,1
131,130,1
131,126,1
131,125,1
131,122,1
131,121,1
131,117,1
132,131,1
132,131,1
132,126,1
132,125,1
132,122,1
132,121,1
133,132,1
133,85,1
133,46,1
133,4,1
134,133,1
134,86,1
134,47,1
134,5,1
135,134,1
135,127,1
135,96,1
135,90,1
135,57,1
135,51,1
136,135,1
136,135,1
136,127,1
136,96,1
136,90,1
136,57,1
137,136,1
137,112,1
137,91,1
137,73,1
137,53,1
137,30,1
138,137,1
138,115,1
138,92,1
138,75,1
138,54,1
138,32,1
139,138,1
139,116,1
139,93,1
139,76,1
139,55,1
139,33,1
140,139,1
140,132,1
140,131,1
140,126,1
140,125,1
140,122,1
141,140,1
141,89,1
141,49,1
141,8,1
142,141,1
142,140,1
142,132,1
142,131,1
142,126,1
142,125,1
143,142,1
143,81,1
143,35,1
144,143,1
144,136,1
144,135,1
144,127,1
144,96,1
144,90,1
145,144,1
145,142,1
145,140,1
145,132,1
145,131,1
145,126,1
146,145,1
146,120,1
146,118,1
146,100,1
146,99,1
146,79,1
147,146,1
147,145,1
147,142,1
147,140,1
147,132,1
147,131,1
148,147,1
148,146,1
148,120,1
148,118,1
148,100,1
148,99,1
149,148,1
150,149,1
150,102,1
150,62,1
150,18,1
151,150,1
152,151,1
152,147,1
152,145,1
152,142,1
152,140,1
152,132,1
153,152,1
153,106,1
153,67,1
153,23,1
154,153,1
155,154,1
156,155,1
156,152,1
156,147,1
156,145,1
156,142,1
156,140,1
157,156,1
157,156,1
157,152,1
157,147,1
157,145,1
157,142,1
158,157,1
158,157,1
158,156,1
158,152,1
158,147,1
158,145,1
159,158,1
159,137,1
159,112,1
159,91,1
159,73,1
159,53,1
160,159,1
160,158,1
160,157,1
160,156,1
160,152,1
160,147,1
161,160,1
161,138,1
161,115,1
161,92,1
161,75,1
161,54,1
162,161,1
162,139,1
162,116,1
162,93,1
162,76,1
162,55,1
163,162,1
163,160,1
163,158,1
163,157,1
163,156,1
163,152,1
164,163,1
164,148,1
164,146,1
164,120,1
164,118,1
164,100,1
165,164,1
166,165,1
166,163,1
166,160,1
166,158,1
166,157,1
166,156,1
167,166,1
167,164,1
167,148,1
167,146,1
167,120,1
167,118,1
168,167,1
168,166,1
168,163,1
168,160,1
168,158,1
168,157,1
169,168,1
169,168,1
169,166,1
169,163,1
169,160,1
169,158,1
170,169,1
170,169,1
170,168,1
170,166,1
170,163,1
170,160,1
171,170,1
171,65,1
172,171,1
172,170,1
172,169,1
172,168,1
172,166,1
172,163,1
173,172,1
173,172,1
173,170,1
173,169,1
173,168,1
173,166,1
174,173,1
174,133,1
174,85,1
174,46,1
174,4,1
175,174,1
175,134,1
175,86,1
175,47,1
175,5,1
176,175,1
176,144,1
176,136,1
176,135,1
176,127,1
176,96,1
177,176,1
177,159,1
177,137,1
177,112,1
177,91,1
177,73,1
178,177,1
178,141,1
178,89,1
178,49,1
178,8,1
179,178,1
179,173,1
179,172,1
179,170,1
179,169,1
179,168,1
180,179,1
180,161,1
180,138,1
180,115,1
180,92,1
180,75,1
181,180,1
181,162,1
181,139,1
181,116,1
181,93,1
181,76,1
182,181,1
182,179,1
182,173,1
182,172,1
182,170,1
182,169,1
183,182,1
183,182,1
183,179,1
183,173,1
183,172,1
183,170,1
184,183,1
184,183,1
184,182,1
184,179,1
184,173,1
184,172,1
185,184,1
185,184,1
185,183,1
185,182,1
185,179,1
185,173,1
186,185,1
186,167,1
186,164,1
186,148,1
186,146,1
186,120,1
187,186,1
187,186,1
187,167,1
187,164,1
187,148,1
187,146,1
188,187,1
188,40,1
189,188,1
190,189,1
190,185,1
190,184,1
190,183,1
190,182,1
190,179,1
191,190,1
191,190,1
191,185,1
191,184,1
191,183,1
191,182,1
192,191,1
192,191,1
192,190,1
192,185,1
192,184,1
192,183,1
193,192,1
193,150,1
193,102,1
193,62,1
193,18,1
194,193,1
195,194,1
195,143,1
195,81,1
195,35,1
196,195,1
196,192,1
196,191,1
196,190,1
196,185,1
196,184,1
197,196,1
197,196,1
197,192,1
197,191,1
197,190,1
197,185,1
198,197,1
198,153,1
198,106,1
198,67,1
198,23,1
199,198,1
200,199,1
201,200,1
201,119,1
201,107,1
202,201,1
202,188,1
202,40,1
203,202,1
203,177,1
203,159,1
203,137,1
203,112,1
203,91,1
204,203,1
205,204,1
205,197,1
205,196,1
205,192,1
205,191,1
205,190,1
206,205,1
206,180,1
206,161,1
206,138,1
206,115,1
206,92,1
207,206,1
207,181,1
207,162,1
207,139,1
207,116,1
207,93,1
208,207,1
208,205,1
208,197,1
208,196,1
208,192,1
208,191,1
209,208,1
209,208,1
209,205,1
209,197,1
209,196,1
209,192,1
210,209,1
210,209,1
210,208,1
210,205,1
210,197,1
210,196,1
211,210,1
211,210,1
211,209,1
211,208,1
211,205,1
211,197,1
212,211,1
212,211,1
212,210,1
212,209,1
212,208,1
212,205,1
213,212,1
213,187,1
213,186,1
213,167,1
213,164,1
213,148,1
214,213,1
214,213,1
214,187,1
214,186,1
214,167,1
214,164,1
215,214,1
215,212,1
215,211,1
215,210,1
215,209,1
215,208,1
216,215,1
216,128,1
216,97,1
216,63,1
217,216,1
217,60,1
218,217,1
218,87,1
219,218,1
219,215,1
219,212,1
219,211,1
219,210,1
219,209,1
220,219,1
220,219,1
220,215,1
220,212,1
220,211,1
220,210,1
221,220,1
221,220,1
221,219,1
221,215,1
221,212,1
221,211,1
222,221,1
222,123,1
222,42,1
223,222,1
224,223,1
224,221,1
224,220,1
224,219,1
224,215,1
224,212,1
225,224,1
225,224,1
225,221,1
225,220,1
225,219,1
225,215,1
226,225,1
226,174,1
226,133,1
226,85,1
226,46,1
226,4,1
227,226,1
227,175,1
227,134,1
227,86,1
227,47,1
227,5,1
228,227,1
228,178,1
228,141,1
228,89,1
228,49,1
228,8,1
229,228,1
229,176,1
229,144,1
229,136,1
229,135,1
229,127,1
230,229,1
230,203,1
230,177,1
230,159,1
230,137,1
230,112,1
231,230,1
231,206,1
231,180,1
231,161,1
231,138,1
231,115,1
232,231,1
232,207,1
232,181,1
232,162,1
232,139,1
232,116,1
233,232,1
233,225,1
233,224,1
233,221,1
233,220,1
233,219,1
234,233,1
234,233,1
234,225,1
234,224,1
234,221,1
234,220,1
235,234,1
235,214,1
235,213,1
235,187,1
235,186,1
235,167,1
236,235,1
236,234,1
236,233,1
236,225,1
236,224,1
236,221,1
237,236,1
237,236,1
237,234,1
237,233,1
237,225,1
237,224,1
238,237,1
238,235,1
238,214,1
238,213,1
238,187,1
238,186,1
239,238,1
239,193,1
239,150,1
239,102,1
239,62,1
239,18,1
240,239,1
240,237,1
240,236,1
240,234,1
240,233,1
240,225,1
241,240,1
241,217,1
241,60,1
242,241,1
242,240,1
242,237,1
242,236,1
242,234,1
242,233,1
243,242,1
244,243,1
244,242,1
244,240,1
244,237,1
244,236,1
244,234,1
245,244,1
245,244,1
245,242,1
245,240,1
245,237,1
245,236,1
246,245,1
246,245,1
246,244,1
246,242,1
246,240,1
246,237,1
247,246,1
247,198,1
247,153,1
247,106,1
247,67,1
247,23,1
248,247,1
249,248,1
250,249,1
250,246,1
250,245,1
250,244,1
250,242,1
250,240,1
251,250,1
251,250,1
251,246,1
251,245,1
251,244,1
251,242,1
252,251,1
252,251,1
252,250,1
252,246,1
252,245,1
252,244,1
253,252,1
253,230,1
253,203,1
253,177,1
253,159,1
253,137,1
254,253,1
254,252,1
254,251,1
254,250,1
254,246,1
254,245,1
255,254,1
255,254,1
255,252,1
255,251,1
255,250,1
255,246,1
256,255,1
256,34,1
257,256,1
257,231,1
257,206,1
257,180,1
257,161,1
257,138,1
258,257,1
258,195,1
258,143,1
258,81,1
258,35,1
259,258,1
259,232,1
259,207,1
259,181,1
259,162,1
259,139,1
260,259,1
260,255,1
260,254,1
260,252,1
260,251,1
260,250,1
261,260,1
261,238,1
261,235,1
261,214,1
261,213,1
261,187,1
262,261,1
262,261,1
262,238,1
262,235,1
262,214,1
262,213,1
263,262,1
263,260,1
263,255,1
263,254,1
263,252,1
263,251,1
264,263,1
265,264,1
265,263,1
265,260,1
265,255,1
265,254,1
265,252,1
266,265,1
266,265,1
266,263,1
266,260,1
266,255,1
266,254,1
267,266,1
267,226,1
267,174,1
267,133,1
267,85,1
267,46,1
268,267,1
268,227,1
268,175,1
268,134,1
268,86,1
268,47,1
269,268,1
269,229,1
269,176,1
269,144,1
269,136,1
269,135,1
270,269,1
270,253,1
270,230,1
270,203,1
270,177,1
270,159,1
271,270,1
271,228,1
271,178,1
271,141,1
271,89,1
271,49,1
272,271,1
272,266,1
272,265,1
272,263,1
272,260,1
272,255,1
273,272,1
273,257,1
273,231,1
273,206,1
273,180,1
273,161,1
274,273,1
274,259,1
274,232,1
274,207,1
274,181,1
274,162,1
275,274,1
275,272,1
275,266,1
275,265,1
275,263,1
275,260,1
276,275,1
276,275,1
276,272,1
276,266,1
276,265,1
276,263,1
277,276,1
277,276,1
277,275,1
277,272,1
277,266,1
277,265,1
278,277,1
278,262,1
278,261,1
278,238,1
278,235,1
278,214,1
279,278,1
279,241,1
279,217,1
279,60,1
280,279,1
280,239,1
280,193,1
280,150,1
280,102,1
280,62,1
281,280,1
281,278,1
281,262,1
281,261,1
281,238,1
281,235,1
282,281,1
282,199,1
283,282,1
283,277,1
283,276,1
283,275,1
283,272,1
283,266,1
284,283,1
284,247,1
284,198,1
284,153,1
284,106,1
284,67,1
285,284,1
285,283,1
285,277,1
285,276,1
285,275,1
285,272,1
286,285,1
286,129,1
287,286,1
287,285,1
287,283,1
287,277,1
287,276,1
287,275,1
288,287,1
288,287,1
288,285,1
288,283,1
288,277,1
288,276,1
289,288,1
289,288,1
289,287,1
289,285,1
289,283,1
289,277,1
290,289,1
290,289,1
290,288,1
290,287,1
290,285,1
290,283,1
291,290,1
291,270,1
291,253,1
291,230,1
291,203,1
291,177,1
292,291,1
292,290,1
292,289,1
292,288,1
292,287,1
292,285,1
293,292,1
293,273,1
293,257,1
293,231,1
293,206,1
293,180,1
294,293,1
294,274,1
294,259,1
294,232,1
294,207,1
294,181,1
295,294,1
295,292,1
295,290,1
295,289,1
295,288,1
295,287,1
296,295,1
296,281,1
296,278,1
296,262,1
296,261,1
296,238,1
297,296,1
297,296,1
297,281,1
297,278,1
297,262,1
297,261,1
298,297,1
298,295,1
298,292,1
298,290,1
298,289,1
298,288,1
299,298,1
299,222,1
299,123,1
299,42,1
300,299,1
300,258,1
300,195,1
300,143,1
300,81,1
300,35,1
301,300,1
301,298,1
301,295,1
301,292,1
301,290,1
301,289,1
302,301,1
303,302,1
303,301,1
303,298,1
303,295,1
303,292,1
303,290,1
304,303,1
304,267,1
304,226,1
304,174,1
304,133,1
304,85,1
305,304,1
305,268,1
305,227,1
305,175,1
305,134,1
305,86,1
306,305,1
306,303,1
306,301,1
306,298,1
306,295,1
306,292,1
307,306,1
307,271,1
307,228,1
307,178,1
307,141,1
307,89,1
308,307,1
308,306,1
308,303,1
308,301,1
308,298,1
308,295,1
309,308,1
309,269,1
309,229,1
309,176,1
309,144,1
309,136,1
310,309,1
310,291,1
310,270,1
310,253,1
310,230,1
310,203,1
311,310,1
311,293,1
311,273,1
311,257,1
311,231,1
311,206,1
312,311,1
312,294,1
312,274,1
312,259,1
312,232,1
312,207,1
313,312,1
313,308,1
313,306,1
313,303,1
313,301,1
313,298,1
314,313,1
314,313,1
314,308,1
314,306,1
314,303,1
314,301,1
315,314,1
315,297,1
315,296,1
315,281,1
315,278,1
315,262,1
316,315,1
316,314,1
316,313,1
316,308,1
316,306,1
316,303,1
317,316,1
317,316,1
317,314,1
317,313,1
317,308,1
317,306,1
318,317,1
318,280,1
318,239,1
318,193,1
318,150,1
318,102,1
319,318,1
319,315,1
319,297,1
319,296,1
319,281,1
319,278,1
320,319,1
320,218,1
320,87,1
321,320,1
321,317,1
321,316,1
321,314,1
321,313,1
321,308,1
322,321,1
323,322,1
323,216,1
323,128,1
323,97,1
323,63,1
324,323,1
324,321,1
324,317,1
324,316,1
324,314,1
324,313,1
325,324,1
325,284,1
325,247,1
325,198,1
325,153,1
325,106,1
326,325,1
326,309,1
326,269,1
326,229,1
326,176,1
326,144,1
327,326,1
327,165,1
328,327,1
328,324,1
328,321,1
328,317,1
328,316,1
328,314,1
329,328,1
329,328,1
329,324,1
329,321,1
329,317,1
329,316,1
330,329,1
330,329,1
330,328,1
330,324,1
330,321,1
330,317,1
331,330,1
331,330,1
331,329,1
331,328,1
331,324,1
331,321,1
332,331,1
332,310,1
332,291,1
332,270,1
332,253,1
332,230,1
333,332,1
333,331,1
333,330,1
333,329,1
333,328,1
333,324,1
334,333,1
334,311,1
334,293,1
334,273,1
334,257,1
334,231,1
335,334,1
335,312,1
335,294,1
335,274,1
335,259,1
335,232,1
336,335,1
336,333,1
336,331,1
336,330,1
336,329,1
336,328,1
337,336,1
337,319,1
337,315,1
337,297,1
337,296,1
337,281,1
338,337,1
338,337,1
338,319,1
338,315,1
338,297,1
338,296,1
339,338,1
339,336,1
339,333,1
339,331,1
339,330,1
339,329,1
340,339,1
340,339,1
340,336,1
340,333,1
340,331,1
340,330,1
341,340,1
341,340,1
341,339,1
341,336,1
341,333,1
341,331,1
342,341,1
342,341,1
342,340,1
342,339,1
342,336,1
342,333,1
343,342,1
343,326,1
343,309,1
343,269,1
343,229,1
343,176,1
344,343,1
344,323,1
344,216,1
344,128,1
344,97,1
344,63,1
345,344,1
345,286,1
345,129,1
346,345,1
346,1,1
347,346,1
347,342,1
347,341,1
347,340,1
347,339,1
347,336,1
348,347,1
348,347,1
348,342,1
348,341,1
348,340,1
348,339,1
349,348,1
349,304,1
349,267,1
349,226,1
349,174,1
349,133,1
350,349,1
350,305,1
350,268,1
350,227,1
350,175,1
350,134,1
351,350,1
351,343,1
351,326,1
351,309,1
351,269,1
351,229,1
352,351,1
352,351,1
352,343,1
352,326,1
352,309,1
352,269,1
353,352,1
353,332,1
353,310,1
353,291,1
353,270,1
353,253,1
354,353,1
354,307,1
354,271,1
354,228,1
354,178,1
354,141,1
355,354,1
355,334,1
355,311,1
355,293,1
355,273,1
355,257,1
356,355,1
356,335,1
356,312,1
356,294,1
356,274,1
356,259,1
357,356,1
357,348,1
357,347,1
357,342,1
357,341,1
357,340,1
358,357,1
358,357,1
358,348,1
358,347,1
358,342,1
358,341,1
359,358,1
359,358,1
359,357,1
359,348,1
359,347,1
359,342,1
360,359,1
360,359,1
360,358,1
360,357,1
360,348,1
360,347,1
361,360,1
361,300,1
361,258,1
361,195,1
361,143,1
361,81,1
362,361,1
362,360,1
362,359,1
362,358,1
362,357,1
362,348,1
363,362,1
363,338,1
363,337,1
363,319,1
363,315,1
363,297,1
364,363,1
364,363,1
364,338,1
364,337,1
364,319,1
364,315,1
365,364,1
365,149,1
366,365,1
366,318,1
366,280,1
366,239,1
366,193,1
366,150,1
367,366,1
367,204,1
368,367,1
368,362,1
368,360,1
368,359,1
368,358,1
368,357,1
369,368,1
369,368,1
369,362,1
369,360,1
369,359,1
369,358,1
370,369,1
370,325,1
370,284,1
370,247,1
370,198,1
370,153,1
371,370,1
371,24,1
372,371,1
372,25,1
373,372,1
373,369,1
373,368,1
373,362,1
373,360,1
373,359,1
374,373,1
374,373,1
374,369,1
374,368,1
374,362,1
374,360,1
375,374,1
375,374,1
375,373,1
375,369,1
375,368,1
375,362,1
376,375,1
376,353,1
376,332,1
376,310,1
376,291,1
376,270,1
377,376,1
377,375,1
377,374,1
377,373,1
377,369,1
377,368,1
378,377,1
378,377,1
378,375,1
378,374,1
378,373,1
378,369,1
379,378,1
379,355,1
379,334,1
379,311,1
379,293,1
379,273,1
380,379,1
380,356,1
380,335,1
380,312,1
380,294,1
380,274,1
381,380,1
381,378,1
381,377,1
381,375,1
381,374,1
381,373,1
382,381,1
382,364,1
382,363,1
382,338,1
382,337,1
382,319,1
383,382,1
383,327,1
383,165,1
384,383,1
384,381,1
384,378,1
384,377,1
384,375,1
384,374,1
385,384,1
385,382,1
385,364,1
385,363,1
385,338,1
385,337,1
386,385,1
386,384,1
386,381,1
386,378,1
386,377,1
386,375,1
387,386,1
387,386,1
387,384,1
387,381,1
387,378,1
387,377,1
388,387,1
388,248,1
389,388,1
389,299,1
389,222,1
389,123,1
389,42,1
390,389,1
390,44,1
391,390,1
391,387,1
391,386,1
391,384,1
391,381,1
391,378,1
392,391,1
392,391,1
392,387,1
392,386,1
392,384,1
392,381,1
393,392,1
393,349,1
393,304,1
393,267,1
393,226,1
393,174,1
394,393,1
394,350,1
394,305,1
394,268,1
394,227,1
394,175,1
395,394,1
395,354,1
395,307,1
395,271,1
395,228,1
395,178,1
396,395,1
396,352,1
396,351,1
396,343,1
396,326,1
396,309,1
397,396,1
397,376,1
397,353,1
397,332,1
397,310,1
397,291,1
398,397,1
398,379,1
398,355,1
398,334,1
398,311,1
398,293,1
399,398,1
399,380,1
399,356,1
399,335,1
399,312,1
399,294,1
401,400,1
401,400,1
402,401,1
402,401,1
402,400,1
403,402,1
403,402,1
403,401,1
403,400,1
404,403,1
404,403,1
404,402,1
404,401,1
404,400,1
405,404,1
406,405,1
406,404,1
406,403,1
406,402,1
406,401,1
406,400,1
407,406,1
407,405,1
408,407,1
409,408,1
410,409,1
410,406,1
410,404,1
410,403,1
410,402,1
410,401,1
411,410,1
411,410,1
411,406,1
411,404,1
411,403,1
411,402,1
412,411,1
413,412,1
414,413,1
415,414,1
416,415,1
416,411,1
416,410,1
416,406,1
416,404,1
416,403,1
417,416,1
417,416,1
417,411,1
417,410,1
417,406,1
417,404,1
418,417,1
419,418,1
420,419,1
421,420,1
422,421,1
423,422,1
424,423,1
425,424,1
425,417,1
425,416,1
425,411,1
425,410,1
425,406,1
426,425,1
427,426,1
428,427,1
428,425,1
428,417,1
428,416,1
428,411,1
428,410,1
429,428,1
429,428,1
429,425,1
429,417,1
429,416,1
429,411,1
430,429,1
430,429,1
430,428,1
430,425,1
430,417,1
430,416,1
431,430,1
431,430,1
431,429,1
431,428,1
431,425,1
431,417,1
432,431,1
432,431,1
432,430,1
432,429,1
432,428,1
432,425,1
433,432,1
433,407,1
433,405,1
434,433,1
434,433,1
434,407,1
434,405,1
435,434,1
435,432,1
435,431,1
435,430,1
435,429,1
435,428,1
436,435,1
436,415,1
437,436,1
438,437,1
439,438,1
439,435,1
439,432,1
439,431,1
439,430,1
439,429,1
440,439,1
440,439,1
440,435,1
440,432,1
440,431,1
440,430,1
441,440,1
441,440,1
441,439,1
441,435,1
441,432,1
441,431,1
442,441,1
443,442,1
443,441,1
443,440,1
443,439,1
443,435,1
443,432,1
444,443,1
445,444,1
446,445,1
446,443,1
446,441,1
446,440,1
446,439,1
446,435,1
447,446,1
448,447,1
449,448,1
449,423,1
450,449,1
450,446,1
450,443,1
450,441,1
450,440,1
450,439,1
451,450,1
451,426,1
452,451,1
452,427,1
453,452,1
453,450,1
453,446,1
453,443,1
453,441,1
453,440,1
454,453,1
454,453,1
454,450,1
454,446,1
454,443,1
454,441,1
455,454,1
455,454,1
455,453,1
455,450,1
455,446,1
455,443,1
456,455,1
456,434,1
456,433,1
456,407,1
456,405,1
457,456,1
457,455,1
457,454,1
457,453,1
457,450,1
457,446,1
458,457,1
458,421,1
459,458,1
459,456,1
459,434,1
459,433,1
459,407,1
459,405,1
460,459,1
460,412,1
461,460,1
462,461,1
462,457,1
462,455,1
462,454,1
462,453,1
462,450,1
463,462,1
463,462,1
463,457,1
463,455,1
463,454,1
463,453,1
464,463,1
464,418,1
465,464,1
465,458,1
465,421,1
466,465,1
467,466,1
467,463,1
467,462,1
467,457,1
467,455,1
467,454,1
468,467,1
468,467,1
468,463,1
468,462,1
468,457,1
468,455,1
469,468,1
469,468,1
469,467,1
469,463,1
469,462,1
469,457,1
470,469,1
470,469,1
470,468,1
470,467,1
470,463,1
470,462,1
471,470,1
471,449,1
471,423,1
472,471,1
472,470,1
472,469,1
472,468,1
472,467,1
472,463,1
473,472,1
473,451,1
473,426,1
474,473,1
474,452,1
474,427,1
475,474,1
475,472,1
475,470,1
475,469,1
475,468,1
475,467,1
476,475,1
477,476,1
477,414,1
478,477,1
478,459,1
478,456,1
478,434,1
478,433,1
478,407,1
479,478,1
479,478,1
479,459,1
479,456,1
479,434,1
479,433,1
480,479,1
481,480,1
481,408,1
482,481,1
482,475,1
482,472,1
482,470,1
482,469,1
482,468,1
483,482,1
484,483,1
484,471,1
484,449,1
484,423,1
485,484,1
486,485,1
486,482,1
486,475,1
486,472,1
486,470,1
486,469,1
487,486,1
487,486,1
487,482,1
487,475,1
487,472,1
487,470,1
488,487,1
488,444,1
489,488,1
489,445,1
490,489,1
490,447,1
491,490,1
491,448,1
492,491,1
492,484,1
492,471,1
492,449,1
492,423,1
493,492,1
493,473,1
493,451,1
493,426,1
494,493,1
494,474,1
494,452,1
494,427,1
495,494,1
495,487,1
495,486,1
495,482,1
495,475,1
495,472,1
496,495,1
496,495,1
496,487,1
496,486,1
496,482,1
496,475,1
497,496,1
497,496,1
497,495,1
497,487,1
497,486,1
497,482,1
498,497,1
498,497,1
498,496,1
498,495,1
498,487,1
498,486,1
499,498,1
499,479,1
499,478,1
499,459,1
499,456,1
499,434,1
500,499,1
500,437,1
501,500,1
501,460,1
501,412,1
502,501,1
502,499,1
502,479,1
502,478,1
502,459,1
502,456,1
503,502,1
504,503,1
504,498,1
504,497,1
504,496,1
504,495,1
504,487,1
505,504,1
505,504,1
505,498,1
505,497,1
505,496,1
505,495,1
506,505,1
506,464,1
506,418,1
507,506,1
508,507,1
509,508,1
509,505,1
509,504,1
509,498,1
509,497,1
509,496,1
510,509,1
510,509,1
510,505,1
510,504,1
510,498,1
510,497,1
511,510,1
511,510,1
511,509,1
511,505,1
511,504,1
511,498,1
512,511,1
512,492,1
512,484,1
512,471,1
512,449,1
512,423,1
513,512,1
513,511,1
513,510,1
513,509,1
513,505,1
513,504,1
514,513,1
514,513,1
514,511,1
514,510,1
514,509,1
514,505,1
515,514,1
515,493,1
515,473,1
515,451,1
515,426,1
516,515,1
516,494,1
516,474,1
516,452,1
516,427,1
517,516,1
517,514,1
517,513,1
517,511,1
517,510,1
517,509,1
518,517,1
518,502,1
518,499,1
518,479,1
518,478,1
518,459,1
519,518,1
519,518,1
519,502,1
519,499,1
519,479,1
519,478,1
520,519,1
520,517,1
520,514,1
520,513,1
520,511,1
520,510,1
521,520,1
521,477,1
521,414,1
522,521,1
523,522,1
523,520,1
523,517,1
523,514,1
523,513,1
523,511,1
524,523,1
524,438,1
525,524,1
525,523,1
525,520,1
525,517,1
525,514,1
525,513,1
526,525,1
526,488,1
526,444,1
527,526,1
527,489,1
527,445,1
528,527,1
528,525,1
528,523,1
528,520,1
528,517,1
528,514,1
529,528,1
529,491,1
529,448,1
530,529,1
530,512,1
530,492,1
530,484,1
530,471,1
530,449,1
531,530,1
531,490,1
531,447,1
532,531,1
532,515,1
532,493,1
532,473,1
532,451,1
532,426,1
533,532,1
533,516,1
533,494,1
533,474,1
533,452,1
533,427,1
534,533,1
534,528,1
534,525,1
534,523,1
534,520,1
534,517,1
535,534,1
535,534,1
535,528,1
535,525,1
535,523,1
535,520,1
536,535,1
536,436,1
536,415,1
537,536,1
537,535,1
537,534,1
537,528,1
537,525,1
537,523,1
538,537,1
538,519,1
538,518,1
538,502,1
538,499,1
538,479,1
539,538,1
539,537,1
539,535,1
539,534,1
539,528,1
539,525,1
540,539,1
540,538,1
540,519,1
540,518,1
540,502,1
540,499,1
541,540,1
541,501,1
541,460,1
541,412,1
542,541,1
543,542,1
543,539,1
543,537,1
543,535,1
543,534,1
543,528,1
544,543,1
544,506,1
544,464,1
544,418,1
545,544,1
545,481,1
545,408,1
546,545,1
547,546,1
547,543,1
547,539,1
547,537,1
547,535,1
547,534,1
548,547,1
548,547,1
548,543,1
548,539,1
548,537,1
548,535,1
549,548,1
549,548,1
549,547,1
549,543,1
549,539,1
549,537,1
550,549,1
550,549,1
550,548,1
550,547,1
550,543,1
550,539,1
551,550,1
551,530,1
551,512,1
551,492,1
551,484,1
551,471,1
552,551,1
552,550,1
552,549,1
552,548,1
552,547,1
552,543,1
553,552,1
553,532,1
553,515,1
553,493,1
553,473,1
553,451,1
554,553,1
554,533,1
554,516,1
554,494,1
554,474,1
554,452,1
555,554,1
555,552,1
555,550,1
555,549,1
555,548,1
555,547,1
556,555,1
556,540,1
556,538,1
556,519,1
556,518,1
556,502,1
557,556,1
557,536,1
557,436,1
557,415,1
558,557,1
558,556,1
558,540,1
558,538,1
558,519,1
558,518,1
559,558,1
559,555,1
559,552,1
559,550,1
559,549,1
559,548,1
560,559,1
560,559,1
560,555,1
560,552,1
560,550,1
560,549,1
561,560,1
561,483,1
562,561,1
563,562,1
563,560,1
563,559,1
563,555,1
563,552,1
563,550,1
564,563,1
564,563,1
564,560,1
564,559,1
564,555,1
564,552,1
565,564,1
565,529,1
565,491,1
565,448,1
566,565,1
566,557,1
566,536,1
566,436,1
566,415,1
567,566,1
568,567,1
568,564,1
568,563,1
568,560,1
568,559,1
568,555,1
569,568,1
570,569,1
570,568,1
570,564,1
570,563,1
570,560,1
570,559,1
571,570,1
571,526,1
571,488,1
571,444,1
572,571,1
572,527,1
572,489,1
572,445,1
573,572,1
573,570,1
573,568,1
573,564,1
573,563,1
573,560,1
574,573,1
574,565,1
574,529,1
574,491,1
574,448,1
575,574,1
575,551,1
575,530,1
575,512,1
575,492,1
575,484,1
576,575,1
576,553,1
576,532,1
576,515,1
576,493,1
576,473,1
577,576,1
577,554,1
577,533,1
577,516,1
577,494,1
577,474,1
578,577,1
578,573,1
578,570,1
578,568,1
578,564,1
578,563,1
579,578,1
579,566,1
579,557,1
579,536,1
579,436,1
579,415,1
580,579,1
580,578,1
580,573,1
580,570,1
580,568,1
580,564,1
581,580,1
581,521,1
581,477,1
581,414,1
582,581,1
582,558,1
582,556,1
582,540,1
582,538,1
582,519,1
583,582,1
583,582,1
583,558,1
583,556,1
583,540,1
583,538,1
584,583,1
584,574,1
584,565,1
584,529,1
584,491,1
584,448,1
585,584,1
586,585,1
586,541,1
586,501,1
586,460,1
586,412,1
587,586,1
588,587,1
588,580,1
588,578,1
588,573,1
588,570,1
588,568,1
589,588,1
589,544,1
589,506,1
589,464,1
589,418,1
590,589,1
591,590,1
592,591,1
592,588,1
592,580,1
592,578,1
592,573,1
592,570,1
593,592,1
593,592,1
593,588,1
593,580,1
593,578,1
593,573,1
594,593,1
594,593,1
594,592,1
594,588,1
594,580,1
594,578,1
595,594,1
595,594,1
595,593,1
595,592,1
595,588,1
595,580,1
596,595,1
596,575,1
596,551,1
596,530,1
596,512,1
596,492,1
597,596,1
597,595,1
597,594,1
597,593,1
597,592,1
597,588,1
598,597,1
598,576,1
598,553,1
598,532,1
598,515,1
598,493,1
599,598,1
599,577,1
599,554,1
599,533,1
599,516,1
599,494,1
600,599,1
600,597,1
600,595,1
600,594,1
600,593,1
600,592,1
601,600,1
601,583,1
601,582,1
601,558,1
601,556,1
601,540,1
602,601,1
603,602,1
603,600,1
603,597,1
603,595,1
603,594,1
603,593,1
604,603,1
604,601,1
604,583,1
604,582,1
604,558,1
604,556,1
605,604,1
605,603,1
605,600,1
605,597,1
605,595,1
605,594,1
606,605,1
606,605,1
606,603,1
606,600,1
606,597,1
606,595,1
607,606,1
608,607,1
608,606,1
608,605,1
608,603,1
608,600,1
608,597,1
609,608,1
609,608,1
609,606,1
609,605,1
609,603,1
609,600,1
610,609,1
610,571,1
610,526,1
610,488,1
610,444,1
611,610,1
611,572,1
611,527,1
611,489,1
611,445,1
612,611,1
612,584,1
612,574,1
612,565,1
612,529,1
612,491,1
613,612,1
613,596,1
613,575,1
613,551,1
613,530,1
613,512,1
614,613,1
614,531,1
614,490,1
614,447,1
615,614,1
615,609,1
615,608,1
615,606,1
615,605,1
615,603,1
616,615,1
616,598,1
616,576,1
616,553,1
616,532,1
616,515,1
617,616,1
617,599,1
617,577,1
617,554,1
617,533,1
617,516,1
618,617,1
618,615,1
618,609,1
618,608,1
618,606,1
618,605,1
619,618,1
619,579,1
619,566,1
619,557,1
619,536,1
619,436,1
620,619,1
620,618,1
620,615,1
620,609,1
620,608,1
620,606,1
621,620,1
621,620,1
621,618,1
621,615,1
621,609,1
621,608,1
622,621,1
622,604,1
622,601,1
622,583,1
622,582,1
622,558,1
623,622,1
623,621,1
623,620,1
623,618,1
623,615,1
623,609,1
624,623,1
624,622,1
624,604,1
624,601,1
624,583,1
624,582,1
625,624,1
625,545,1
625,481,1
625,408,1
626,625,1
626,409,1
627,626,1
627,623,1
627,621,1
627,620,1
627,618,1
627,615,1
628,627,1
628,627,1
628,623,1
628,621,1
628,620,1
628,618,1
629,628,1
629,586,1
629,541,1
629,501,1
629,460,1
629,412,1
630,629,1
631,630,1
631,581,1
631,521,1
631,477,1
631,414,1
632,631,1
632,628,1
632,627,1
632,623,1
632,621,1
632,620,1
633,632,1
633,632,1
633,628,1
633,627,1
633,623,1
633,621,1
634,633,1
634,633,1
634,632,1
634,628,1
634,627,1
634,623,1
635,634,1
635,589,1
635,544,1
635,506,1
635,464,1
635,418,1
636,635,1
636,419,1
637,636,1
637,420,1
638,637,1
638,613,1
638,596,1
638,575,1
638,551,1
638,530,1
639,638,1
639,465,1
639,458,1
639,421,1
640,639,1
640,634,1
640,633,1
640,632,1
640,628,1
640,627,1
641,640,1
641,640,1
641,634,1
641,633,1
641,632,1
641,628,1
642,641,1
642,616,1
642,598,1
642,576,1
642,553,1
642,532,1
643,642,1
643,617,1
643,599,1
643,577,1
643,554,1
643,533,1
644,643,1
644,567,1
645,644,1
645,641,1
645,640,1
645,634,1
645,633,1
645,632,1
646,645,1
646,645,1
646,641,1
646,640,1
646,634,1
646,633,1
647,646,1
647,646,1
647,645,1
647,641,1
647,640,1
647,634,1
648,647,1
648,647,1
648,646,1
648,645,1
648,641,1
648,640,1
649,648,1
649,624,1
649,622,1
649,604,1
649,601,1
649,583,1
650,649,1
650,648,1
650,647,1
650,646,1
650,645,1
650,641,1
651,650,1
651,649,1
651,624,1
651,622,1
651,604,1
651,601,1
652,651,1
652,619,1
652,579,1
652,566,1
652,557,1
652,536,1
653,652,1
653,650,1
653,648,1
653,647,1
653,646,1
653,645,1
654,653,1
654,652,1
654,619,1
654,579,1
654,566,1
654,557,1
655,654,1
655,500,1
655,437,1
656,655,1
656,524,1
656,438,1
657,656,1
657,653,1
657,650,1
657,648,1
657,647,1
657,646,1
658,657,1
658,657,1
658,653,1
658,650,1
658,648,1
658,647,1
659,658,1
659,561,1
659,483,1
660,659,1
661,660,1
661,658,1
661,657,1
661,653,1
661,650,1
661,648,1
662,661,1
662,661,1
662,658,1
662,657,1
662,653,1
662,650,1
663,662,1
663,610,1
663,571,1
663,526,1
663,488,1
663,444,1
664,663,1
664,611,1
664,572,1
664,527,1
664,489,1
664,445,1
665,664,1
665,612,1
665,584,1
665,574,1
665,565,1
665,529,1
666,665,1
666,638,1
666,613,1
666,596,1
666,575,1
666,551,1
667,666,1
667,614,1
667,531,1
667,490,1
667,447,1
668,667,1
668,642,1
668,616,1
668,598,1
668,576,1
668,553,1
669,668,1
669,643,1
669,617,1
669,599,1
669,577,1
669,554,1
670,669,1
670,662,1
670,661,1
670,658,1
670,657,1
670,653,1
671,670,1
671,670,1
671,662,1
671,661,1
671,658,1
671,657,1
672,671,1
672,654,1
672,652,1
672,619,1
672,579,1
672,566,1
673,672,1
673,671,1
673,670,1
673,662,1
673,661,1
673,658,1
674,673,1
674,651,1
674,649,1
674,624,1
674,622,1
674,604,1
675,674,1
675,673,1
675,671,1
675,670,1
675,662,1
675,661,1
676,675,1
676,674,1
676,651,1
676,649,1
676,624,1
676,622,1
677,676,1
677,629,1
677,586,1
677,541,1
677,501,1
677,460,1
678,677,1
678,675,1
678,673,1
678,671,1
678,670,1
678,662,1
679,678,1
679,678,1
679,675,1
679,673,1
679,671,1
679,670,1
680,679,1
680,679,1
680,678,1
680,675,1
680,673,1
680,671,1
681,680,1
681,635,1
681,589,1
681,544,1
681,506,1
681,464,1
682,681,1
682,665,1
682,612,1
682,584,1
682,574,1
682,565,1
683,682,1
683,602,1
684,683,1
684,680,1
684,679,1
684,678,1
684,675,1
684,673,1
685,684,1
685,684,1
685,680,1
685,679,1
685,678,1
685,675,1
686,685,1
686,685,1
686,684,1
686,680,1
686,679,1
686,678,1
687,686,1
687,686,1
687,685,1
687,684,1
687,680,1
687,679,1
688,687,1
688,666,1
688,638,1
688,613,1
688,596,1
688,575,1
689,688,1
689,687,1
689,686,1
689,685,1
689,684,1
689,680,1
690,689,1
690,668,1
690,642,1
690,616,1
690,598,1
690,576,1
691,690,1
691,669,1
691,643,1
691,617,1
691,599,1
691,577,1
692,691,1
692,689,1
692,687,1
692,686,1
692,685,1
692,684,1
693,692,1
693,476,1
694,693,1
694,631,1
694,581,1
694,521,1
694,477,1
694,414,1
695,694,1
695,676,1
695,674,1
695,651,1
695,649,1
695,624,1
696,695,1
696,695,1
696,676,1
696,674,1
696,651,1
696,649,1
697,696,1
697,692,1
697,689,1
697,687,1
697,686,1
697,685,1
698,697,1
698,562,1
699,698,1
699,697,1
699,692,1
699,689,1
699,687,1
699,686,1
700,699,1
701,700,1
701,699,1
701,697,1
701,692,1
701,689,1
701,687,1
702,701,1
702,663,1
702,610,1
702,571,1
702,526,1
702,488,1
703,702,1
703,664,1
703,611,1
703,572,1
703,527,1
703,489,1
704,703,1
704,701,1
704,699,1
704,697,1
704,692,1
704,689,1
705,704,1
705,667,1
705,614,1
705,531,1
705,490,1
705,447,1
706,705,1
706,682,1
706,665,1
706,612,1
706,584,1
706,574,1
707,706,1
707,688,1
707,666,1
707,638,1
707,613,1
707,596,1
708,707,1
708,704,1
708,701,1
708,699,1
708,697,1
708,692,1
709,708,1
709,690,1
709,668,1
709,642,1
709,616,1
709,598,1
710,709,1
710,691,1
710,669,1
710,643,1
710,617,1
710,599,1
711,710,1
711,708,1
711,704,1
711,701,1
711,699,1
711,697,1
712,711,1
712,672,1
712,654,1
712,652,1
712,619,1
712,579,1
713,712,1
713,711,1
713,708,1
713,704,1
713,701,1
713,699,1
714,713,1
714,696,1
714,695,1
714,676,1
714,674,1
714,651,1
715,714,1
715,655,1
715,500,1
715,437,1
716,715,1
716,677,1
716,629,1
716,586,1
716,541,1
716,501,1
717,716,1
717,714,1
717,696,1
717,695,1
717,676,1
717,674,1
718,717,1
719,718,1
719,522,1
720,719,1
720,713,1
720,711,1
720,708,1
720,704,1
720,701,1
721,720,1
721,720,1
721,713,1
721,711,1
721,708,1
721,704,1
722,721,1
722,681,1
722,635,1
722,589,1
722,544,1
722,506,1
723,722,1
723,698,1
723,562,1
724,723,1
725,724,1
725,721,1
725,720,1
725,713,1
725,711,1
725,708,1
726,725,1
726,725,1
726,721,1
726,720,1
726,713,1
726,711,1
727,726,1
727,726,1
727,725,1
727,721,1
727,720,1
727,713,1
728,727,1
728,727,1
728,726,1
728,725,1
728,721,1
728,720,1
729,728,1
729,707,1
729,688,1
729,666,1
729,638,1
729,613,1
730,729,1
730,728,1
730,727,1
730,726,1
730,725,1
730,721,1
731,730,1
731,709,1
731,690,1
731,668,1
731,642,1
731,616,1
732,731,1
732,710,1
732,691,1
732,669,1
732,643,1
732,617,1
733,732,1
733,730,1
733,728,1
733,727,1
733,726,1
733,725,1
734,733,1
734,717,1
734,714,1
734,696,1
734,695,1
734,676,1
735,734,1
735,733,1
735,730,1
735,728,1
735,727,1
735,726,1
736,735,1
736,734,1
736,717,1
736,714,1
736,696,1
736,695,1
737,736,1
737,735,1
737,733,1
737,730,1
737,728,1
737,727,1
738,737,1
738,659,1
738,561,1
738,483,1
739,738,1
739,694,1
739,631,1
739,581,1
739,521,1
739,477,1
740,739,1
741,740,1
741,737,1
741,735,1
741,733,1
741,730,1
741,728,1
742,741,1
742,741,1
742,737,1
742,735,1
742,733,1
742,730,1
743,742,1
743,702,1
743,663,1
743,610,1
743,571,1
743,526,1
744,743,1
744,703,1
744,664,1
744,611,1
744,572,1
744,527,1
745,744,1
745,656,1
745,524,1
745,438,1
746,745,1
746,742,1
746,741,1
746,737,1
746,735,1
746,733,1
747,746,1
747,705,1
747,667,1
747,614,1
747,531,1
747,490,1
748,747,1
748,706,1
748,682,1
748,665,1
748,612,1
748,584,1
749,748,1
749,729,1
749,707,1
749,688,1
749,666,1
749,638,1
750,749,1
750,731,1
750,709,1
750,690,1
750,668,1
750,642,1
751,750,1
751,732,1
751,710,1
751,691,1
751,669,1
751,643,1
752,751,1
752,746,1
752,742,1
752,741,1
752,737,1
752,735,1
753,752,1
753,752,1
753,746,1
753,742,1
753,741,1
753,737,1
754,753,1
754,712,1
754,672,1
754,654,1
754,652,1
754,619,1
755,754,1
755,753,1
755,752,1
755,746,1
755,742,1
755,741,1
756,755,1
756,736,1
756,734,1
756,717,1
756,714,1
756,696,1
757,756,1
757,755,1
757,753,1
757,752,1
757,746,1
757,742,1
758,757,1
758,756,1
758,736,1
758,734,1
758,717,1
758,714,1
759,758,1
759,716,1
759,677,1
759,629,1
759,586,1
759,541,1
760,759,1
761,760,1
761,757,1
761,755,1
761,753,1
761,752,1
761,746,1
762,761,1
762,761,1
762,757,1
762,755,1
762,753,1
762,752,1
763,762,1
763,722,1
763,681,1
763,635,1
763,589,1
763,544,1
764,763,1
764,422,1
765,764,1
765,762,1
765,761,1
765,757,1
765,755,1
765,753,1
766,765,1
766,765,1
766,762,1
766,761,1
766,757,1
766,755,1
767,766,1
767,766,1
767,765,1
767,762,1
767,761,1
767,757,1
768,767,1
768,749,1
768,729,1
768,707,1
768,688,1
768,666,1
769,768,1
769,767,1
769,766,1
769,765,1
769,762,1
769,761,1
770,769,1
770,769,1
770,767,1
770,766,1
770,765,1
770,762,1
771,770,1
771,750,1
771,731,1
771,709,1
771,690,1
771,668,1
772,771,1
772,751,1
772,732,1
772,710,1
772,691,1
772,669,1
773,772,1
773,770,1
773,769,1
773,767,1
773,766,1
773,765,1
774,773,1
774,758,1
774,756,1
774,736,1
774,734,1
774,717,1
775,774,1
775,639,1
775,465,1
775,458,1
775,421,1
776,775,1
776,774,1
776,758,1
776,756,1
776,736,1
776,734,1
777,776,1
777,773,1
777,770,1
777,769,1
777,767,1
777,766,1
778,777,1
778,777,1
778,773,1
778,770,1
778,769,1
778,767,1
779,778,1
779,778,1
779,777,1
779,773,1
779,770,1
779,769,1
780,779,1
780,776,1
780,774,1
780,758,1
780,756,1
780,736,1
781,780,1
781,754,1
781,712,1
781,672,1
781,654,1
781,652,1
782,781,1
782,779,1
782,778,1
782,777,1
782,773,1
782,770,1
783,782,1
783,782,1
783,779,1
783,778,1
783,777,1
783,773,1
784,783,1
784,748,1
784,706,1
784,682,1
784,665,1
784,612,1
785,784,1
785,781,1
785,754,1
785,712,1
785,672,1
785,654,1
786,785,1
786,442,1
787,786,1
787,783,1
787,782,1
787,779,1
787,778,1
787,777,1
788,787,1
788,743,1
788,702,1
788,663,1
788,610,1
788,571,1
789,788,1
789,744,1
789,703,1
789,664,1
789,611,1
789,572,1
790,789,1
790,644,1
790,567,1
791,790,1
791,784,1
791,748,1
791,706,1
791,682,1
791,665,1
792,791,1
792,791,1
792,784,1
792,748,1
792,706,1
792,682,1
793,792,1
793,768,1
793,749,1
793,729,1
793,707,1
793,688,1
794,793,1
794,747,1
794,705,1
794,667,1
794,614,1
794,531,1
795,794,1
795,771,1
795,750,1
795,731,1
795,709,1
795,690,1
796,795,1
796,772,1
796,751,1
796,732,1
796,710,1
796,691,1
797,796,1
797,787,1
797,783,1
797,782,1
797,779,1
797,778,1
798,797,1
798,797,1
798,787,1
798,783,1
798,782,1
798,779,1
799,798,1
799,785,1
799,781,1
799,754,1
799,712,1
799,672,1
801,800,1
802,801,1
802,800,1
803,802,1
804,803,1
804,803,1
805,804,1
806,805,1
807,806,1
808,807,1
808,802,1
808,800,1
809,808,1
810,809,1
811,810,1
812,811,1
812,808,1
812,802,1
812,800,1
813,812,1
813,812,1
813,808,1
813,802,1
813,800,1
814,813,1
814,813,1
814,812,1
814,808,1
814,802,1
814,800,1
815,814,1
815,814,1
815,813,1
815,812,1
815,808,1
815,802,1
816,815,1
817,816,1
817,815,1
817,814,1
817,813,1
817,812,1
817,808,1
818,817,1
819,818,1
820,819,1
820,817,1
820,815,1
820,814,1
820,813,1
820,812,1
821,820,1
821,804,1
821,803,1
822,821,1
823,822,1
823,820,1
823,817,1
823,815,1
823,814,1
823,813,1
824,823,1
824,821,1
824,804,1
824,803,1
825,824,1
825,823,1
825,820,1
825,817,1
825,815,1
825,814,1
826,825,1
826,825,1
826,823,1
826,820,1
826,817,1
826,815,1
827,826,1
828,827,1
828,826,1
828,825,1
828,823,1
828,820,1
828,817,1
829,828,1
830,829,1
830,828,1
830,826,1
830,825,1
830,823,1
830,820,1
831,830,1
831,830,1
831,828,1
831,826,1
831,825,1
831,823,1
832,831,1
833,832,1
834,833,1
835,834,1
835,816,1
836,835,1
837,836,1
837,818,1
838,837,1
838,819,1
839,838,1
839,831,1
839,830,1
839,828,1
839,826,1
839,825,1
840,839,1
840,839,1
840,831,1
840,830,1
840,828,1
840,826,1
841,840,1
842,841,1
842,840,1
842,839,1
842,831,1
842,830,1
842,828,1
843,842,1
843,824,1
843,821,1
843,804,1
843,803,1
844,843,1
844,843,1
844,824,1
844,821,1
844,804,1
844,803,1
845,844,1
846,845,1
847,846,1
847,842,1
847,840,1
847,839,1
847,831,1
847,830,1
848,847,1
848,847,1
848,842,1
848,840,1
848,839,1
848,831,1
849,848,1
849,848,1
849,847,1
849,842,1
849,840,1
849,839,1
850,849,1
850,806,1
851,850,1
852,851,1
852,801,1
853,852,1
853,841,1
854,853,1
854,849,1
854,848,1
854,847,1
854,842,1
854,840,1
855,854,1
855,854,1
855,849,1
855,848,1
855,847,1
855,842,1
856,855,1
856,809,1
857,856,1
858,857,1
859,858,1
859,810,1
860,859,1
860,835,1
860,816,1
861,860,1
862,861,1
863,862,1
863,855,1
863,854,1
863,849,1
863,848,1
863,847,1
864,863,1
864,837,1
864,818,1
865,864,1
865,838,1
865,819,1
866,865,1
866,863,1
866,855,1
866,854,1
866,849,1
866,848,1
867,866,1
867,866,1
867,863,1
867,855,1
867,854,1
867,849,1
868,867,1
868,867,1
868,866,1
868,863,1
868,855,1
868,854,1
869,868,1
869,868,1
869,867,1
869,866,1
869,863,1
869,855,1
870,869,1
870,869,1
870,868,1
870,867,1
870,866,1
870,863,1
871,870,1
871,844,1
871,843,1
871,824,1
871,821,1
871,804,1
872,871,1
872,871,1
872,844,1
872,843,1
872,824,1
872,821,1
873,872,1
873,870,1
873,869,1
873,868,1
873,867,1
873,866,1
874,873,1
874,853,1
874,841,1
875,874,1
876,875,1
877,876,1
877,873,1
877,870,1
877,869,1
877,868,1
877,867,1
878,877,1
878,877,1
878,873,1
878,870,1
878,869,1
878,868,1
879,878,1
880,879,1
880,878,1
880,877,1
880,873,1
880,870,1
880,869,1
881,880,1
881,880,1
881,878,1
881,877,1
881,873,1
881,870,1
882,881,1
882,832,1
883,882,1
883,833,1
884,883,1
884,834,1
885,884,1
885,860,1
885,835,1
885,816,1
886,885,1
886,836,1
887,886,1
887,881,1
887,880,1
887,878,1
887,877,1
887,873,1
888,887,1
888,864,1
888,837,1
888,818,1
889,888,1
889,865,1
889,838,1
889,819,1
890,889,1
890,887,1
890,881,1
890,880,1
890,878,1
890,877,1
891,890,1
892,891,1
892,890,1
892,887,1
892,881,1
892,880,1
892,878,1
893,892,1
893,872,1
893,871,1
893,844,1
893,843,1
893,824,1
894,893,1
894,892,1
894,890,1
894,887,1
894,881,1
894,880,1
895,894,1
895,850,1
895,806,1
896,895,1
896,893,1
896,872,1
896,871,1
896,844,1
896,843,1
897,896,1
897,894,1
897,892,1
897,890,1
897,887,1
897,881,1
898,897,1
899,898,1
899,897,1
899,894,1
899,892,1
899,890,1
899,887,1
900,899,1
900,899,1
900,897,1
900,894,1
900,892,1
900,890,1
901,900,1
901,900,1
901,899,1
901,897,1
901,894,1
901,892,1
902,901,1
902,856,1
902,809,1
903,902,1
903,845,1
904,903,1
905,904,1
905,901,1
905,900,1
905,899,1
905,897,1
905,894,1
906,905,1
906,905,1
906,901,1
906,900,1
906,899,1
906,897,1
907,906,1
907,906,1
907,905,1
907,901,1
907,900,1
907,899,1
908,907,1
908,885,1
908,860,1
908,835,1
908,816,1
909,908,1
909,907,1
909,906,1
909,905,1
909,901,1
909,900,1
910,909,1
910,909,1
910,907,1
910,906,1
910,905,1
910,901,1
911,910,1
911,888,1
911,864,1
911,837,1
911,818,1
912,911,1
912,889,1
912,865,1
912,838,1
912,819,1
913,912,1
913,910,1
913,909,1
913,907,1
913,906,1
913,905,1
914,913,1
915,914,1
915,852,1
915,801,1
916,915,1
916,896,1
916,893,1
916,872,1
916,871,1
916,844,1
917,916,1
917,916,1
917,896,1
917,893,1
917,872,1
917,871,1
918,917,1
919,918,1
919,903,1
919,845,1
920,919,1
920,913,1
920,910,1
920,909,1
920,907,1
920,906,1
921,920,1
921,827,1
922,921,1
923,922,1
923,886,1
923,836,1
924,923,1
925,924,1
925,920,1
925,913,1
925,910,1
925,909,1
925,907,1
926,925,1
926,925,1
926,920,1
926,913,1
926,910,1
926,909,1
927,926,1
927,882,1
927,832,1
928,927,1
928,883,1
928,833,1
929,928,1
929,884,1
929,834,1
930,929,1
930,908,1
930,885,1
930,860,1
930,835,1
930,816,1
931,930,1
931,923,1
931,886,1
931,836,1
932,931,1
932,911,1
932,888,1
932,864,1
932,837,1
932,818,1
933,932,1
933,912,1
933,889,1
933,865,1
933,838,1
933,819,1
934,933,1
934,926,1
934,925,1
934,920,1
934,913,1
934,910,1
935,934,1
935,934,1
935,926,1
935,925,1
935,920,1
935,913,1
936,935,1
936,891,1
937,936,1
937,935,1
937,934,1
937,926,1
937,925,1
937,920,1
938,937,1
938,917,1
938,916,1
938,896,1
938,893,1
938,872,1
939,938,1
939,875,1
940,939,1
940,895,1
940,850,1
940,806,1
941,940,1
941,938,1
941,917,1
941,916,1
941,896,1
941,893,1
942,941,1
943,942,1
943,937,1
943,935,1
943,934,1
943,926,1
943,925,1
944,943,1
944,902,1
944,856,1
944,809,1
945,944,1
946,945,1
947,946,1
947,943,1
947,937,1
947,935,1
947,934,1
947,926,1
948,947,1
948,947,1
948,943,1
948,937,1
948,935,1
948,934,1
949,948,1
949,948,1
949,947,1
949,943,1
949,937,1
949,935,1
950,949,1
950,949,1
950,948,1
950,947,1
950,943,1
950,937,1
951,950,1
951,930,1
951,908,1
951,885,1
951,860,1
951,835,1
952,951,1
952,950,1
952,949,1
952,948,1
952,947,1
952,943,1
953,952,1
953,932,1
953,911,1
953,888,1
953,864,1
953,837,1
954,953,1
954,933,1
954,912,1
954,889,1
954,865,1
954,838,1
955,954,1
955,952,1
955,950,1
955,949,1
955,948,1
955,947,1
956,955,1
956,941,1
956,938,1
956,917,1
956,916,1
956,896,1
957,956,1
957,956,1
957,941,1
957,938,1
957,917,1
957,916,1
958,957,1
958,955,1
958,952,1
958,950,1
958,949,1
958,948,1
959,958,1
959,915,1
959,852,1
959,801,1
960,959,1
960,958,1
960,955,1
960,952,1
960,950,1
960,949,1
961,960,1
962,961,1
962,960,1
962,958,1
962,955,1
962,952,1
962,950,1
963,962,1
963,927,1
963,882,1
963,832,1
964,963,1
964,928,1
964,883,1
964,833,1
965,964,1
965,962,1
965,960,1
965,958,1
965,955,1
965,952,1
966,965,1
966,931,1
966,923,1
966,886,1
966,836,1
967,966,1
967,965,1
967,962,1
967,960,1
967,958,1
967,955,1
968,967,1
968,929,1
968,884,1
968,834,1
969,968,1
969,951,1
969,930,1
969,908,1
969,885,1
969,860,1
970,969,1
970,876,1
971,970,1
971,953,1
971,932,1
971,911,1
971,888,1
971,864,1
972,971,1
972,954,1
972,933,1
972,912,1
972,889,1
972,865,1
973,972,1
973,967,1
973,965,1
973,962,1
973,960,1
973,958,1
974,973,1
974,936,1
974,891,1
975,974,1
975,973,1
975,967,1
975,965,1
975,962,1
975,960,1
976,975,1
976,957,1
976,956,1
976,941,1
976,938,1
976,917,1
977,976,1
977,975,1
977,973,1
977,967,1
977,965,1
977,962,1
978,977,1
978,976,1
978,957,1
978,956,1
978,941,1
978,938,1
979,978,1
979,940,1
979,895,1
979,850,1
979,806,1
980,979,1
980,977,1
980,975,1
980,973,1
980,967,1
980,965,1
981,980,1
981,857,1
982,981,1
982,980,1
982,977,1
982,975,1
982,973,1
982,967,1
983,982,1
983,944,1
983,902,1
983,856,1
983,809,1
984,983,1
984,982,1
984,980,1
984,977,1
984,975,1
984,973,1
985,984,1
985,974,1
985,936,1
985,891,1
986,985,1
986,984,1
986,982,1
986,980,1
986,977,1
986,975,1
987,986,1
987,986,1
987,984,1
987,982,1
987,980,1
987,977,1
988,987,1
988,987,1
988,986,1
988,984,1
988,982,1
988,980,1
989,988,1
989,988,1
989,987,1
989,986,1
989,984,1
989,982,1
990,989,1
990,969,1
990,951,1
990,930,1
990,908,1
990,885,1
991,990,1
991,989,1
991,988,1
991,987,1
991,986,1
991,984,1
992,991,1
992,971,1
992,953,1
992,932,1
992,911,1
992,888,1
993,992,1
993,972,1
993,954,1
993,933,1
993,912,1
993,889,1
994,993,1
994,991,1
994,989,1
994,988,1
994,987,1
994,986,1
995,994,1
995,978,1
995,976,1
995,957,1
995,956,1
995,941,1
996,995,1
996,995,1
996,978,1
996,976,1
996,957,1
996,956,1
997,996,1
997,994,1
997,991,1
997,989,1
997,988,1
997,987,1
998,997,1
998,997,1
998,994,1
998,991,1
998,989,1
998,988,1
999,998,1
999,921,1
999,827,1
1000,999,1
1000,998,1
1000,997,1
1000,994,1
1000,991,1
1000,989,1
1001,1000,1
1001,970,1
1001,876,1
1002,1001,1
1003,1002,1
1003,1000,1
1003,998,1
1003,997,1
1003,994,1
1003,991,1
1004,1003,1
1004,968,1
1004,929,1
1004,884,1
1004,834,1
1005,1004,1
1006,1005,1
1006,1003,1
1006,1000,1
1006,998,1
1006,997,1
1006,994,1
1007,1006,1
1007,1006,1
1007,1003,1
1007,1000,1
1007,998,1
1007,997,1
1008,1007,1
1008,874,1
1008,853,1
1008,841,1
1009,1008,1
1009,963,1
1009,927,1
1009,882,1
1009,832,1
1010,1009,1
1010,964,1
1010,928,1
1010,883,1
1010,833,1
1011,1010,1
1011,999,1
1011,921,1
1011,827,1
1012,1011,1
1012,1004,1
1012,968,1
1012,929,1
1012,884,1
1012,834,1
1013,1012,1
1013,990,1
1013,969,1
1013,951,1
1013,930,1
1013,908,1
1014,1013,1
1014,966,1
1014,931,1
1014,923,1
1014,886,1
1014,836,1
1015,1014,1
1015,992,1
1015,971,1
1015,953,1
1015,932,1
1015,911,1
1016,1015,1
1016,993,1
1016,972,1
1016,954,1
1016,933,1
1016,912,1
1017,1016,1
1017,1007,1
1017,1006,1
1017,1003,1
1017,1000,1
1017,998,1
1018,1017,1
1018,1017,1
1018,1007,1
1018,1006,1
1018,1003,1
1018,1000,1
1019,1018,1
1019,985,1
1019,974,1
1019,936,1
1019,891,1
1020,1019,1
1020,1018,1
1020,1017,1
1020,1007,1
1020,1006,1
1020,1003,1
1021,1020,1
1021,959,1
1021,915,1
1021,852,1
1021,801,1
1022,1021,1
1022,1008,1
1022,874,1
1022,853,1
1022,841,1
1023,1022,1
1023,996,1
1023,995,1
1023,978,1
1023,976,1
1023,957,1
1024,1023,1
1024,1020,1
1024,1018,1
1024,1017,1
1024,1007,1
1024,1006,1
1025,1024,1
1025,1023,1
1025,996,1
1025,995,1
1025,978,1
1025,976,1
1026,1025,1
1026,1012,1
1026,1004,1
1026,968,1
1026,929,1
1026,884,1
1027,1026,1
1027,805,1
1028,1027,1
1029,1028,1
1029,1024,1
1029,1020,1
1029,1018,1
1029,1017,1
1029,1007,1
1030,1029,1
1030,1029,1
1030,1024,1
1030,1020,1
1030,1018,1
1030,1017,1
1031,1030,1
1031,983,1
1031,944,1
1031,902,1
1031,856,1
1031,809,1
1032,1031,1
1032,1026,1
1032,1012,1
1032,1004,1
1032,968,1
1032,929,1
1033,1032,1
1033,822,1
1034,1033,1
1034,1030,1
1034,1029,1
1034,1024,1
1034,1020,1
1034,1018,1
1035,1034,1
1035,1034,1
1035,1030,1
1035,1029,1
1035,1024,1
1035,1020,1
1036,1035,1
1036,1035,1
1036,1034,1
1036,1030,1
1036,1029,1
1036,1024,1
1037,1036,1
1037,1013,1
1037,990,1
1037,969,1
1037,951,1
1037,930,1
1038,1037,1
1038,1036,1
1038,1035,1
1038,1034,1
1038,1030,1
1038,1029,1
1039,1038,1
1039,1038,1
1039,1036,1
1039,1035,1
1039,1034,1
1039,1030,1
1040,1039,1
1040,1015,1
1040,992,1
1040,971,1
1040,953,1
1040,932,1
1041,1040,1
1041,1016,1
1041,993,1
1041,972,1
1041,954,1
1041,933,1
1042,1041,1
1042,1039,1
1042,1038,1
1042,1036,1
1042,1035,1
1042,1034,1
1043,1042,1
1043,1025,1
1043,1023,1
1043,996,1
1043,995,1
1043,978,1
1044,1043,1
1044,1042,1
1044,1039,1
1044,1038,1
1044,1036,1
1044,1035,1
1045,1044,1
1045,1043,1
1045,1025,1
1045,1023,1
1045,996,1
1045,995,1
1046,1045,1
1046,1044,1
1046,1042,1
1046,1039,1
1046,1038,1
1046,1036,1
1047,1046,1
1047,1046,1
1047,1044,1
1047,1042,1
1047,1039,1
1047,1038,1
1048,1047,1
1049,1048,1
1049,1047,1
1049,1046,1
1049,1044,1
1049,1042,1
1049,1039,1
1050,1049,1
1050,1049,1
1050,1047,1
1050,1046,1
1050,1044,1
1050,1042,1
1051,1050,1
1051,1009,1
1051,963,1
1051,927,1
1051,882,1
1051,832,1
1052,1051,1
1052,1010,1
1052,964,1
1052,928,1
1052,883,1
1052,833,1
1053,1052,1
1053,1032,1
1053,1026,1
1053,1012,1
1053,1004,1
1053,968,1
1054,1053,1
1054,1037,1
1054,1013,1
1054,990,1
1054,969,1
1054,951,1
1055,1054,1
1055,1014,1
1055,966,1
1055,931,1
1055,923,1
1055,886,1
1056,1055,1
1056,1050,1
1056,1049,1
1056,1047,1
1056,1046,1
1056,1044,1
1057,1056,1
1057,1040,1
1057,1015,1
1057,992,1
1057,971,1
1057,953,1
1058,1057,1
1058,1041,1
1058,1016,1
1058,993,1
1058,972,1
1058,954,1
1059,1058,1
1059,1056,1
1059,1050,1
1059,1049,1
1059,1047,1
1059,1046,1
1060,1059,1
1060,1019,1
1060,985,1
1060,974,1
1060,936,1
1060,891,1
1061,1060,1
1061,1059,1
1061,1056,1
1061,1050,1
1061,1049,1
1061,1047,1
1062,1061,1
1062,1061,1
1062,1059,1
1062,1056,1
1062,1050,1
1062,1049,1
1063,1062,1
1063,1045,1
1063,1043,1
1063,1025,1
1063,1023,1
1063,996,1
1064,1063,1
1064,1062,1
1064,1061,1
1064,1059,1
1064,1056,1
1064,1050,1
1065,1064,1
1065,1063,1
1065,1045,1
1065,1043,1
1065,1025,1
1065,1023,1
1066,1065,1
1066,919,1
1066,903,1
1066,845,1
1067,1066,1
1067,1064,1
1067,1062,1
1067,1061,1
1067,1059,1
1067,1056,1
1068,1067,1
1068,1067,1
1068,1064,1
1068,1062,1
1068,1061,1
1068,1059,1
1069,1068,1
1069,979,1
1069,940,1
1069,895,1
1069,850,1
1069,806,1
1070,1069,1
1070,904,1
1071,1070,1
1071,1021,1
1071,959,1
1071,915,1
1071,852,1
1071,801,1
1072,1071,1
1072,1068,1
1072,1067,1
1072,1064,1
1072,1062,1
1072,1061,1
1073,1072,1
1073,1072,1
1073,1068,1
1073,1067,1
1073,1064,1
1073,1062,1
1074,1073,1
1074,1031,1
1074,983,1
1074,944,1
1074,902,1
1074,856,1
1075,1074,1
1075,981,1
1075,857,1
1076,1075,1
1076,858,1
1077,1076,1
1077,859,1
1077,810,1
1078,1077,1
1079,1078,1
1079,1054,1
1079,1037,1
1079,1013,1
1079,990,1
1079,969,1
1080,1079,1
1081,1080,1
1081,1073,1
1081,1072,1
1081,1068,1
1081,1067,1
1081,1064,1
1082,1081,1
1082,1057,1
1082,1040,1
1082,1015,1
1082,992,1
1082,971,1
1083,1082,1
1083,1058,1
1083,1041,1
1083,1016,1
1083,993,1
1083,972,1
1084,1083,1
1084,1081,1
1084,1073,1
1084,1072,1
1084,1068,1
1084,1067,1
1085,1084,1
1085,1084,1
1085,1081,1
1085,1073,1
1085,1072,1
1085,1068,1
1086,1085,1
1086,1085,1
1086,1084,1
1086,1081,1
1086,1073,1
1086,1072,1
1087,1086,1
1087,1086,1
1087,1085,1
1087,1084,1
1087,1081,1
1087,1073,1
1088,1087,1
1088,1087,1
1088,1086,1
1088,1085,1
1088,1084,1
1088,1081,1
1089,1088,1
1089,1065,1
1089,1063,1
1089,1045,1
1089,1043,1
1089,1025,1
1090,1089,1
1090,1089,1
1090,1065,1
1090,1063,1
1090,1045,1
1090,1043,1
1091,1090,1
1091,1022,1
1091,1008,1
1091,874,1
1091,853,1
1091,841,1
1092,1091,1
1092,1088,1
1092,1087,1
1092,1086,1
1092,1085,1
1092,1084,1
1093,1092,1
1093,1091,1
1093,1022,1
1093,1008,1
1093,874,1
1093,853,1
1094,1093,1
1094,939,1
1094,875,1
1095,1094,1
1095,1001,1
1095,970,1
1095,876,1
1096,1095,1
1096,1092,1
1096,1088,1
1096,1087,1
1096,1086,1
1096,1085,1
1097,1096,1
1097,1096,1
1097,1092,1
1097,1088,1
1097,1087,1
1097,1086,1
1098,1097,1
1098,1011,1
1098,999,1
1098,921,1
1098,827,1
1099,1098,1
1099,1097,1
1099,1096,1
1099,1092,1
1099,1088,1
1099,1087,1
1100,1099,1
1101,1100,1
1101,1099,1
1101,1097,1
1101,1096,1
1101,1092,1
1101,1088,1
1102,1101,1
1102,1051,1
1102,1009,1
1102,963,1
1102,927,1
1102,882,1
1103,1102,1
1103,1052,1
1103,1010,1
1103,964,1
1103,928,1
1103,883,1
1104,1103,1
1104,1101,1
1104,1099,1
1104,1097,1
1104,1096,1
1104,1092,1
1105,1104,1
1105,1055,1
1105,1014,1
1105,966,1
1105,931,1
1105,923,1
1106,1105,1
1106,1104,1
1106,1101,1
1106,1099,1
1106,1097,1
1106,1096,1
1107,1106,1
1107,1053,1
1107,1032,1
1107,1026,1
1107,1012,1
1107,1004,1
1108,1107,1
1108,1079,1
1108,1054,1
1108,1037,1
1108,1013,1
1108,990,1
1109,1108,1
1109,1082,1
1109,1057,1
1109,1040,1
1109,1015,1
1109,992,1
1110,1109,1
1110,1083,1
1110,1058,1
1110,1041,1
1110,1016,1
1110,993,1
1111,1110,1
1111,1106,1
1111,1104,1
1111,1101,1
1111,1099,1
1111,1097,1
1112,1111,1
1112,1060,1
1112,1019,1
1112,985,1
1112,974,1
1112,936,1
1113,1112,1
1113,1111,1
1113,1106,1
1113,1104,1
1113,1101,1
1113,1099,1
1114,1113,1
1114,1090,1
1114,1089,1
1114,1065,1
1114,1063,1
1114,1045,1
1115,1114,1
1115,1113,1
1115,1111,1
1115,1106,1
1115,1104,1
1115,1101,1
1116,1115,1
1116,1077,1
1116,859,1
1116,810,1
1117,1116,1
1117,1114,1
1117,1090,1
1117,1089,1
1117,1065,1
1117,1063,1
1118,1117,1
1118,1069,1
1118,979,1
1118,940,1
1118,895,1
1118,850,1
1119,1118,1
1119,1115,1
1119,1113,1
1119,1111,1
1119,1106,1
1119,1104,1
1120,1119,1
1121,1120,1
1121,1119,1
1121,1115,1
1121,1113,1
1121,1111,1
1121,1106,1
1122,1121,1
1123,1122,1
1123,1121,1
1123,1119,1
1123,1115,1
1123,1113,1
1123,1111,1
1124,1123,1
1124,1074,1
1124,1031,1
1124,983,1
1124,944,1
1124,902,1
1125,1124,1
1126,1125,1
1127,1126,1
1127,1123,1
1127,1121,1
1127,1119,1
1127,1115,1
1127,1113,1
1128,1127,1
1128,1127,1
1128,1123,1
1128,1121,1
1128,1119,1
1128,1115,1
1129,1128,1
1129,1128,1
1129,1127,1
1129,1123,1
1129,1121,1
1129,1119,1
1130,1129,1
1130,1108,1
1130,1079,1
1130,1054,1
1130,1037,1
1130,1013,1
1131,1130,1
1131,1129,1
1131,1128,1
1131,1127,1
1131,1123,1
1131,1121,1
1132,1131,1
1132,1131,1
1132,1129,1
1132,1128,1
1132,1127,1
1132,1123,1
1133,1132,1
1133,1109,1
1133,1082,1
1133,1057,1
1133,1040,1
1133,1015,1
1134,1133,1
1134,1110,1
1134,1083,1
1134,1058,1
1134,1041,1
1134,1016,1
1135,1134,1
1135,1132,1
1135,1131,1
1135,1129,1
1135,1128,1
1135,1127,1
1136,1135,1
1136,1071,1
1136,1021,1
1136,959,1
1136,915,1
1136,852,1
1137,1136,1
1137,914,1
1138,1137,1
1138,1117,1
1138,1114,1
1138,1090,1
1138,1089,1
1138,1065,1
1139,1138,1
1139,1138,1
1139,1117,1
1139,1114,1
1139,1090,1
1139,1089,1
1140,1139,1
1140,1135,1
1140,1132,1
1140,1131,1
1140,1129,1
1140,1128,1
1141,1140,1
1141,1005,1
1142,1141,1
1143,1142,1
1143,1140,1
1143,1135,1
1143,1132,1
1143,1131,1
1143,1129,1
1144,1143,1
1144,1143,1
1144,1140,1
1144,1135,1
1144,1132,1
1144,1131,1
1145,1144,1
1145,1102,1
1145,1051,1
1145,1009,1
1145,963,1
1145,927,1
1146,1145,1
1146,1103,1
1146,1052,1
1146,1010,1
1146,964,1
1146,928,1
1147,1146,1
1147,1107,1
1147,1053,1
1147,1032,1
1147,1026,1
1147,1012,1
1148,1147,1
1148,1130,1
1148,1108,1
1148,1079,1
1148,1054,1
1148,1037,1
1149,1148,1
1149,1105,1
1149,1055,1
1149,1014,1
1149,966,1
1149,931,1
1150,1149,1
1150,1144,1
1150,1143,1
1150,1140,1
1150,1135,1
1150,1132,1
1151,1150,1
1151,1133,1
1151,1109,1
1151,1082,1
1151,1057,1
1151,1040,1
1152,1151,1
1152,1134,1
1152,1110,1
1152,1083,1
1152,1058,1
1152,1041,1
1153,1152,1
1153,1150,1
1153,1144,1
1153,1143,1
1153,1140,1
1153,1135,1
1154,1153,1
1154,1112,1
1154,1060,1
1154,1019,1
1154,985,1
1154,974,1
1155,1154,1
1155,1153,1
1155,1150,1
1155,1144,1
1155,1143,1
1155,1140,1
1156,1155,1
1156,1139,1
1156,1138,1
1156,1117,1
1156,1114,1
1156,1090,1
1157,1156,1
1157,1094,1
1157,939,1
1157,875,1
1158,1157,1
1158,1118,1
1158,1069,1
1158,979,1
1158,940,1
1158,895,1
1159,1158,1
1159,1156,1
1159,1139,1
1159,1138,1
1159,1117,1
1159,1114,1
1160,1159,1
1161,1160,1
1161,1155,1
1161,1153,1
1161,1150,1
1161,1144,1
1161,1143,1
1162,1161,1
1162,1161,1
1162,1155,1
1162,1153,1
1162,1150,1
1162,1144,1
1163,1162,1
1163,1124,1
1163,1074,1
1163,1031,1
1163,983,1
1163,944,1
1164,1163,1
1164,1116,1
1164,1077,1
1164,859,1
1164,810,1
1165,1164,1
1165,1162,1
1165,1161,1
1165,1155,1
1165,1153,1
1165,1150,1
1166,1165,1
1166,1165,1
1166,1162,1
1166,1161,1
1166,1155,1
1166,1153,1
1167,1166,1
1167,1166,1
1167,1165,1
1167,1162,1
1167,1161,1
1167,1155,1
1168,1167,1
1168,1148,1
1168,1130,1
1168,1108,1
1168,1079,1
1168,1054,1
1169,1168,1
1169,1167,1
1169,1166,1
1169,1165,1
1169,1162,1
1169,1161,1
1170,1169,1
1170,1169,1
1170,1167,1
1170,1166,1
1170,1165,1
1170,1162,1
1171,1170,1
1171,1151,1
1171,1133,1
1171,1109,1
1171,1082,1
1171,1057,1
1172,1171,1
1172,1152,1
1172,1134,1
1172,1110,1
1172,1083,1
1172,1058,1
1173,1172,1
1173,1170,1
1173,1169,1
1173,1167,1
1173,1166,1
1173,1165,1
1174,1173,1
1174,1159,1
1174,1156,1
1174,1139,1
1174,1138,1
1174,1117,1
1175,1174,1
1175,1174,1
1175,1159,1
1175,1156,1
1175,1139,1
1175,1138,1
1176,1175,1
1176,1173,1
1176,1170,1
1176,1169,1
1176,1167,1
1176,1166,1
1177,1176,1
1177,1098,1
1177,1011,1
1177,999,1
1177,921,1
1177,827,1
1178,1177,1
1178,1136,1
1178,1071,1
1178,1021,1
1178,959,1
1178,915,1
1179,1178,1
1179,829,1
1180,1179,1
1180,1176,1
1180,1173,1
1180,1170,1
1180,1169,1
1180,1167,1
1181,1180,1
1181,1180,1
1181,1176,1
1181,1173,1
1181,1170,1
1181,1169,1
1182,1181,1
1182,1145,1
1182,1102,1
1182,1051,1
1182,1009,1
1182,963,1
1183,1182,1
1183,1146,1
1183,1103,1
1183,1052,1
1183,1010,1
1183,964,1
1184,1183,1
1184,1095,1
1184,1001,1
1184,970,1
1184,876,1
1185,1184,1
1185,1181,1
1185,1180,1
1185,1176,1
1185,1173,1
1185,1170,1
1186,1185,1
1186,1147,1
1186,1107,1
1186,1053,1
1186,1032,1
1186,1026,1
1187,1186,1
1187,1168,1
1187,1148,1
1187,1130,1
1187,1108,1
1187,1079,1
1188,1187,1
1188,1149,1
1188,1105,1
1188,1055,1
1188,1014,1
1188,966,1
1189,1188,1
1189,1171,1
1189,1151,1
1189,1133,1
1189,1109,1
1189,1082,1
1190,1189,1
1190,1172,1
1190,1152,1
1190,1134,1
1190,1110,1
1190,1083,1
1191,1190,1
1191,1185,1
1191,1181,1
1191,1180,1
1191,1176,1
1191,1173,1
1192,1191,1
1192,1191,1
1192,1185,1
1192,1181,1
1192,1180,1
1192,1176,1
1193,1192,1
1193,1154,1
1193,1112,1
1193,1060,1
1193,1019,1
1193,985,1
1194,1193,1
1194,1192,1
1194,1191,1
1194,1185,1
1194,1181,1
1194,1180,1
1195,1194,1
1195,1175,1
1195,1174,1
1195,1159,1
1195,1156,1
1195,1139,1
1196,1195,1
1196,1158,1
1196,1118,1
1196,1069,1
1196,979,1
1196,940,1
1197,1196,1
1198,1197,1
1198,1194,1
1198,1192,1
1198,1191,1
1198,1185,1
1198,1181,1
1199,1198,1
1199,1163,1
1199,1124,1
1199,1074,1
1199,1031,1
1199,983,1
1201,1200,1
1202,1201,1
1203,1202,1
1203,1202,1
1204,1203,1
1204,1203,1
1204,1202,1
1205,1204,1
1205,1204,1
1205,1203,1
1205,1202,1
1206,1205,1
1207,1206,1
1207,1205,1
1207,1204,1
1207,1203,1
1207,1202,1
1208,1207,1
1209,1208,1
1210,1209,1
1210,1207,1
1210,1205,1
1210,1204,1
1210,1203,1
1210,1202,1
1211,1210,1
1212,1211,1
1212,1211,1
1213,1212,1
1213,1210,1
1213,1207,1
1213,1205,1
1213,1204,1
1213,1203,1
1214,1213,1
1214,1213,1
1214,1210,1
1214,1207,1
1214,1205,1
1214,1204,1
1215,1214,1
1215,1214,1
1215,1213,1
1215,1210,1
1215,1207,1
1215,1205,1
1216,1215,1
1216,1215,1
1216,1214,1
1216,1213,1
1216,1210,1
1216,1207,1
1217,1216,1
1218,1217,1
1219,1218,1
1220,1219,1
1220,1216,1
1220,1215,1
1220,1214,1
1220,1213,1
1220,1210,1
1221,1220,1
1222,1221,1
1222,1220,1
1222,1216,1
1222,1215,1
1222,1214,1
1222,1213,1
1223,1222,1
1223,1222,1
1223,1220,1
1223,1216,1
1223,1215,1
1223,1214,1
1224,1223,1
1225,1224,1
1226,1225,1
1226,1217,1
1227,1226,1
1227,1226,1
1227,1217,1
1228,1227,1
1228,1206,1
1229,1228,1
1230,1229,1
1230,1208,1
1231,1230,1
1231,1209,1
1232,1231,1
1232,1223,1
1232,1222,1
1232,1220,1
1232,1216,1
1232,1215,1
1233,1232,1
1233,1232,1
1233,1223,1
1233,1222,1
1233,1220,1
1233,1216,1
1234,1233,1
1235,1234,1
1235,1233,1
1235,1232,1
1235,1223,1
1235,1222,1
1235,1220,1
1236,1235,1
1237,1236,1
1237,1235,1
1237,1233,1
1237,1232,1
1237,1223,1
1237,1222,1
1238,1237,1
1238,1212,1
1238,1211,1
1239,1238,1
1239,1238,1
1239,1212,1
1239,1211,1
1240,1239,1
1241,1240,1
1242,1241,1
1243,1242,1
1243,1218,1
1244,1243,1
1244,1237,1
1244,1235,1
1244,1233,1
1244,1232,1
1244,1223,1
1245,1244,1
1246,1245,1
1247,1246,1
1248,1247,1
1248,1244,1
1248,1237,1
1248,1235,1
1248,1233,1
1248,1232,1
1249,1248,1
1249,1248,1
1249,1244,1
1249,1237,1
1249,1235,1
1249,1233,1
1250,1249,1
1250,1249,1
1250,1248,1
1250,1244,1
1250,1237,1
1250,1235,1
1251,1250,1
1251,1250,1
1251,1249,1
1251,1248,1
1251,1244,1
1251,1237,1
1252,1251,1
1252,1228,1
1252,1206,1
1253,1252,1
1253,1251,1
1253,1250,1
1253,1249,1
1253,1248,1
1253,1244,1
1254,1253,1
1254,1230,1
1254,1208,1
1255,1254,1
1255,1231,1
1255,1209,1
1256,1255,1
1256,1253,1
1256,1251,1
1256,1250,1
1256,1249,1
1256,1248,1
1257,1256,1
1257,1239,1
1257,1238,1
1257,1212,1
1257,1211,1
1258,1257,1
1259,1258,1
1259,1256,1
1259,1253,1
1259,1251,1
1259,1250,1
1259,1249,1
1260,1259,1
1260,1257,1
1260,1239,1
1260,1238,1
1260,1212,1
1260,1211,1
1261,1260,1
1261,1259,1
1261,1256,1
1261,1253,1
1261,1251,1
1261,1250,1
1262,1261,1
1262,1261,1
1262,1259,1
1262,1256,1
1262,1253,1
1262,1251,1
1263,1262,1
1264,1263,1
1265,1264,1
1265,1262,1
1265,1261,1
1265,1259,1
1265,1256,1
1265,1253,1
1266,1265,1
1266,1265,1
1266,1262,1
1266,1261,1
1266,1259,1
1266,1256,1
1267,1266,1
1267,1224,1
1268,1267,1
1268,1225,1
1269,1268,1
1269,1227,1
1269,1226,1
1269,1217,1
1270,1269,1
1270,1252,1
1270,1228,1
1270,1206,1
1271,1270,1
1271,1229,1
1272,1271,1
1272,1254,1
1272,1230,1
1272,1208,1
1273,1272,1
1273,1255,1
1273,1231,1
1273,1209,1
1274,1273,1
1274,1266,1
1274,1265,1
1274,1262,1
1274,1261,1
1274,1259,1
1275,1274,1
1275,1274,1
1275,1266,1
1275,1265,1
1275,1262,1
1275,1261,1
1276,1275,1
1276,1234,1
1277,1276,1
1277,1275,1
1277,1274,1
1277,1266,1
1277,1265,1
1277,1262,1
1278,1277,1
1278,1277,1
1278,1275,1
1278,1274,1
1278,1266,1
1278,1265,1
1279,1278,1
1279,1260,1
1279,1257,1
1279,1239,1
1279,1238,1
1279,1212,1
1280,1279,1
1280,1278,1
1280,1277,1
1280,1275,1
1280,1274,1
1280,1266,1
1281,1280,1
1281,1279,1
1281,1260,1
1281,1257,1
1281,1239,1
1281,1238,1
1282,1281,1
1282,1246,1
1283,1282,1
1284,1283,1
1284,1280,1
1284,1278,1
1284,1277,1
1284,1275,1
1284,1274,1
1285,1284,1
1285,1284,1
1285,1280,1
1285,1278,1
1285,1277,1
1285,1275,1
1286,1285,1
1286,1241,1
1287,1286,1
1288,1287,1
1288,1236,1
1289,1288,1
1289,1285,1
1289,1284,1
1289,1280,1
1289,1278,1
1289,1277,1
1290,1289,1
1290,1289,1
1290,1285,1
1290,1284,1
1290,1280,1
1290,1278,1
1291,1290,1
1291,1290,1
1291,1289,1
1291,1285,1
1291,1284,1
1291,1280,1
1292,1291,1
1292,1245,1
1293,1292,1
1294,1293,1
1295,1294,1
1295,1270,1
1295,1252,1
1295,1228,1
1295,1206,1
1296,1295,1
1297,1296,1
1298,1297,1
1298,1291,1
1298,1290,1
1298,1289,1
1298,1285,1
1298,1284,1
1299,1298,1
1299,1272,1
1299,1254,1
1299,1230,1
1299,1208,1
1300,1299,1
1300,1273,1
1300,1255,1
1300,1231,1
1300,1209,1
1301,1300,1
1302,1301,1
1302,1298,1
1302,1291,1
1302,1290,1
1302,1289,1
1302,1285,1
1303,1302,1
1303,1302,1
1303,1298,1
1303,1291,1
1303,1290,1
1303,1289,1
1304,1303,1
1304,1303,1
1304,1302,1
1304,1298,1
1304,1291,1
1304,1290,1
1305,1304,1
1305,1304,1
1305,1303,1
1305,1302,1
1305,1298,1
1305,1291,1
1306,1305,1
1306,1281,1
1306,1279,1
1306,1260,1
1306,1257,1
1306,1239,1
1307,1306,1
1307,1305,1
1307,1304,1
1307,1303,1
1307,1302,1
1307,1298,1
1308,1307,1
1308,1306,1
1308,1281,1
1308,1279,1
1308,1260,1
1308,1257,1
1309,1308,1
1309,1243,1
1309,1218,1
1310,1309,1
1310,1307,1
1310,1305,1
1310,1304,1
1310,1303,1
1310,1302,1
1311,1310,1
1311,1309,1
1311,1243,1
1311,1218,1
1312,1311,1
1313,1312,1
1314,1313,1
1314,1310,1
1314,1307,1
1314,1305,1
1314,1304,1
1314,1303,1
1315,1314,1
1315,1314,1
1315,1310,1
1315,1307,1
1315,1305,1
1315,1304,1
1316,1315,1
1317,1316,1
1317,1315,1
1317,1314,1
1317,1310,1
1317,1307,1
1317,1305,1
1318,1317,1
1318,1317,1
1318,1315,1
1318,1314,1
1318,1310,1
1318,1307,1
1319,1318,1
1319,1267,1
1319,1224,1
1320,1319,1
1320,1268,1
1320,1225,1
1321,1320,1
1321,1269,1
1321,1227,1
1321,1226,1
1321,1217,1
1322,1321,1
1322,1295,1
1322,1270,1
1322,1252,1
1322,1228,1
1322,1206,1
1323,1322,1
1323,1271,1
1323,1229,1
1324,1323,1
1324,1318,1
1324,1317,1
1324,1315,1
1324,1314,1
1324,1310,1
1325,1324,1
1325,1299,1
1325,1272,1
1325,1254,1
1325,1230,1
1325,1208,1
1326,1325,1
1326,1300,1
1326,1273,1
1326,1255,1
1326,1231,1
1326,1209,1
1327,1326,1
1327,1324,1
1327,1318,1
1327,1317,1
1327,1315,1
1327,1314,1
1328,1327,1
1328,1276,1
1328,1234,1
1329,1328,1
1329,1327,1
1329,1324,1
1329,1318,1
1329,1317,1
1329,1315,1
1330,1329,1
1330,1308,1
1330,1306,1
1330,1281,1
1330,1279,1
1330,1260,1
1331,1330,1
1331,1329,1
1331,1327,1
1331,1324,1
1331,1318,1
1331,1317,1
1332,1331,1
1332,1286,1
1332,1241,1
1333,1332,1
1333,1330,1
1333,1308,1
1333,1306,1
1333,1281,1
1333,1279,1
1334,1333,1
1334,1331,1
1334,1329,1
1334,1327,1
1334,1324,1
1334,1318,1
1335,1334,1
1336,1335,1
1336,1334,1
1336,1331,1
1336,1329,1
1336,1327,1
1336,1324,1
1337,1336,1
1338,1337,1
1338,1336,1
1338,1334,1
1338,1331,1
1338,1329,1
1338,1327,1
1339,1338,1
1339,1338,1
1339,1336,1
1339,1334,1
1339,1331,1
1339,1329,1
1340,1339,1
1340,1292,1
1340,1245,1
1341,1340,1
1341,1339,1
1341,1338,1
1341,1336,1
1341,1334,1
1341,1331,1
1342,1341,1
1342,1219,1
1343,1342,1
1343,1341,1
1343,1339,1
1343,1338,1
1343,1336,1
1343,1334,1
1344,1343,1
1344,1343,1
1344,1341,1
1344,1339,1
1344,1338,1
1344,1336,1
1345,1344,1
1345,1344,1
1345,1343,1
1345,1341,1
1345,1339,1
1345,1338,1
1346,1345,1
1346,1345,1
1346,1344,1
1346,1343,1
1346,1341,1
1346,1339,1
1347,1346,1
1347,1322,1
1347,1295,1
1347,1270,1
1347,1252,1
1347,1228,1
1348,1347,1
1348,1346,1
1348,1345,1
1348,1344,1
1348,1343,1
1348,1341,1
1349,1348,1
1349,1325,1
1349,1299,1
1349,1272,1
1349,1254,1
1349,1230,1
1350,1349,1
1350,1326,1
1350,1300,1
1350,1273,1
1350,1255,1
1350,1231,1
1351,1350,1
1351,1348,1
1351,1346,1
1351,1345,1
1351,1344,1
1351,1343,1
1352,1351,1
1352,1288,1
1352,1236,1
1353,1352,1
1353,1333,1
1353,1330,1
1353,1308,1
1353,1306,1
1353,1281,1
1354,1353,1
1355,1354,1
1355,1353,1
1355,1333,1
1355,1330,1
1355,1308,1
1355,1306,1
1356,1355,1
1357,1356,1
1357,1282,1
1357,1246,1
1358,1357,1
1358,1351,1
1358,1348,1
1358,1346,1
1358,1345,1
1358,1344,1
1359,1358,1
1359,1263,1
1360,1359,1
1360,1312,1
1361,1360,1
1362,1361,1
1362,1358,1
1362,1351,1
1362,1348,1
1362,1346,1
1362,1345,1
1363,1362,1
1364,1363,1
1364,1362,1
1364,1358,1
1364,1351,1
1364,1348,1
1364,1346,1
1365,1364,1
1365,1319,1
1365,1267,1
1365,1224,1
1366,1365,1
1366,1320,1
1366,1268,1
1366,1225,1
1367,1366,1
1367,1364,1
1367,1362,1
1367,1358,1
1367,1351,1
1367,1348,1
1368,1367,1
1368,1323,1
1368,1271,1
1368,1229,1
1369,1368,1
1369,1321,1
1369,1269,1
1369,1227,1
1369,1226,1
1369,1217,1
1370,1369,1
1370,1347,1
1370,1322,1
1370,1295,1
1370,1270,1
1370,1252,1
1371,1370,1
1371,1367,1
1371,1364,1
1371,1362,1
1371,1358,1
1371,1351,1
1372,1371,1
1372,1349,1
1372,1325,1
1372,1299,1
1372,1272,1
1372,1254,1
1373,1372,1
1373,1350,1
1373,1326,1
1373,1300,1
1373,1273,1
1373,1255,1
1374,1373,1
1374,1371,1
1374,1367,1
1374,1364,1
1374,1362,1
1374,1358,1
1375,1374,1
1375,1328,1
1375,1276,1
1375,1234,1
1376,1375,1
1376,1374,1
1376,1371,1
1376,1367,1
1376,1364,1
1376,1362,1
1377,1376,1
1377,1355,1
1377,1353,1
1377,1333,1
1377,1330,1
1377,1308,1
1378,1377,1
1378,1360,1
1378,1312,1
1379,1378,1
1379,1332,1
1379,1286,1
1379,1241,1
1380,1379,1
1380,1377,1
1380,1355,1
1380,1353,1
1380,1333,1
1380,1330,1
1381,1380,1
1382,1381,1
1382,1376,1
1382,1374,1
1382,1371,1
1382,1367,1
1382,1364,1
1383,1382,1
1383,1340,1
1383,1292,1
1383,1245,1
1384,1383,1
1384,1369,1
1384,1321,1
1384,1269,1
1384,1227,1
1384,1226,1
1385,1384,1
1385,1258,1
1386,1385,1
1386,1382,1
1386,1376,1
1386,1374,1
1386,1371,1
1386,1367,1
1387,1386,1
1387,1386,1
1387,1382,1
1387,1376,1
1387,1374,1
1387,1371,1
1388,1387,1
1388,1387,1
1388,1386,1
1388,1382,1
1388,1376,1
1388,1374,1
1389,1388,1
1389,1378,1
1389,1360,1
1389,1312,1
1390,1389,1
1390,1370,1
1390,1347,1
1390,1322,1
1390,1295,1
1390,1270,1
1391,1390,1
1391,1388,1
1391,1387,1
1391,1386,1
1391,1382,1
1391,1376,1
1392,1391,1
1392,1372,1
1392,1349,1
1392,1325,1
1392,1299,1
1392,1272,1
1393,1392,1
1393,1373,1
1393,1350,1
1393,1326,1
1393,1300,1
1393,1273,1
1394,1393,1
1394,1391,1
1394,1388,1
1394,1387,1
1394,1386,1
1394,1382,1
1395,1394,1
1395,1380,1
1395,1377,1
1395,1355,1
1395,1353,1
1395,1333,1
1396,1395,1
1396,1395,1
1396,1380,1
1396,1377,1
1396,1355,1
1396,1353,1
1397,1396,1
1397,1394,1
1397,1391,1
1397,1388,1
1397,1387,1
1397,1386,1
1398,1397,1
1398,1352,1
1398,1288,1
1398,1236,1
1399,1398,1
1400,1399,1
1400,1397,1
1400,1394,1
1400,1391,1
1400,1388,1
1400,1387,1
1401,1400,1
1401,1400,1
1401,1397,1
1401,1394,1
1401,1391,1
1401,1388,1
1402,1401,1
1402,1365,1
1402,1319,1
1402,1267,1
1402,1224,1
1403,1402,1
1403,1366,1
1403,1320,1
1403,1268,1
1403,1225,1
1404,1403,1
1404,1313,1
1405,1404,1
1405,1401,1
1405,1400,1
1405,1397,1
1405,1394,1
1405,1391,1
1406,1405,1
1406,1384,1
1406,1369,1
1406,1321,1
1406,1269,1
1406,1227,1
1407,1406,1
1407,1390,1
1407,1370,1
1407,1347,1
1407,1322,1
1407,1295,1
1408,1407,1
1408,1368,1
1408,1323,1
1408,1271,1
1408,1229,1
1409,1408,1
1409,1405,1
1409,1401,1
1409,1400,1
1409,1397,1
1409,1394,1
1410,1409,1
1410,1392,1
1410,1372,1
1410,1349,1
1410,1325,1
1410,1299,1
1411,1410,1
1411,1393,1
1411,1373,1
1411,1350,1
1411,1326,1
1411,1300,1
1412,1411,1
1412,1409,1
1412,1405,1
1412,1401,1
1412,1400,1
1412,1397,1
1413,1412,1
1413,1375,1
1413,1328,1
1413,1276,1
1413,1234,1
1414,1413,1
1414,1412,1
1414,1409,1
1414,1405,1
1414,1401,1
1414,1400,1
1415,1414,1
1415,1396,1
1415,1395,1
1415,1380,1
1415,1377,1
1415,1355,1
1416,1415,1
1416,1385,1
1416,1258,1
1417,1416,1
1417,1415,1
1417,1396,1
1417,1395,1
1417,1380,1
1417,1377,1
1418,1417,1
1418,1414,1
1418,1412,1
1418,1409,1
1418,1405,1
1418,1401,1
1419,1418,1
1419,1379,1
1419,1332,1
1419,1286,1
1419,1241,1
1420,1419,1
1420,1221,1
1421,1420,1
1422,1421,1
1422,1418,1
1422,1414,1
1422,1412,1
1422,1409,1
1422,1405,1
1423,1422,1
1423,1422,1
1423,1418,1
1423,1414,1
1423,1412,1
1423,1409,1
1424,1423,1
1424,1383,1
1424,1340,1
1424,1292,1
1424,1245,1
1425,1424,1
1426,1425,1
1427,1426,1
1427,1423,1
1427,1422,1
1427,1418,1
1427,1414,1
1427,1412,1
1428,1427,1
1428,1427,1
1428,1423,1
1428,1422,1
1428,1418,1
1428,1414,1
1429,1428,1
1429,1428,1
1429,1427,1
1429,1423,1
1429,1422,1
1429,1418,1
1430,1429,1
1430,1407,1
1430,1390,1
1430,1370,1
1430,1347,1
1430,1322,1
1431,1430,1
1431,1389,1
1431,1378,1
1431,1360,1
1431,1312,1
1432,1431,1
1432,1429,1
1432,1428,1
1432,1427,1
1432,1423,1
1432,1422,1
1433,1432,1
1433,1410,1
1433,1392,1
1433,1372,1
1433,1349,1
1433,1325,1
1434,1433,1
1434,1432,1
1434,1429,1
1434,1428,1
1434,1427,1
1434,1423,1
1435,1434,1
1435,1417,1
1435,1415,1
1435,1396,1
1435,1395,1
1435,1380,1
1436,1435,1
1436,1296,1
1437,1436,1
1437,1435,1
1437,1417,1
1437,1415,1
1437,1396,1
1437,1395,1
1438,1437,1
1438,1434,1
1438,1432,1
1438,1429,1
1438,1428,1
1438,1427,1
1439,1438,1
1439,1438,1
1439,1434,1
1439,1432,1
1439,1429,1
1439,1428,1
1440,1439,1
1440,1359,1
1440,1263,1
1441,1440,1
1441,1437,1
1441,1435,1
1441,1417,1
1441,1415,1
1441,1396,1
1442,1441,1
1442,1439,1
1442,1438,1
1442,1434,1
1442,1432,1
1442,1429,1
1443,1442,1
1444,1443,1
1444,1442,1
1444,1439,1
1444,1438,1
1444,1434,1
1444,1432,1
1445,1444,1
1445,1406,1
1445,1384,1
1445,1369,1
1445,1321,1
1445,1269,1
1446,1445,1
1447,1446,1
1447,1444,1
1447,1442,1
1447,1439,1
1447,1438,1
1447,1434,1
1448,1447,1
1448,1311,1
1448,1309,1
1448,1243,1
1448,1218,1
1449,1448,1
1449,1342,1
1449,1219,1
1450,1449,1
1450,1447,1
1450,1444,1
1450,1442,1
1450,1439,1
1450,1438,1
1451,1450,1
1451,1402,1
1451,1365,1
1451,1319,1
1451,1267,1
1451,1224,1
1452,1451,1
1452,1403,1
1452,1366,1
1452,1320,1
1452,1268,1
1452,1225,1
1453,1452,1
1453,1445,1
1453,1406,1
1453,1384,1
1453,1369,1
1453,1321,1
1454,1453,1
1454,1453,1
1454,1445,1
1454,1406,1
1454,1384,1
1454,1369,1
1455,1454,1
1455,1430,1
1455,1407,1
1455,1390,1
1455,1370,1
1455,1347,1
1456,1455,1
1456,1433,1
1456,1410,1
1456,1392,1
1456,1372,1
1456,1349,1
1457,1456,1
1457,1411,1
1457,1393,1
1457,1373,1
1457,1350,1
1457,1326,1
1458,1457,1
1458,1450,1
1458,1447,1
1458,1444,1
1458,1442,1
1458,1439,1
1459,1458,1
1459,1408,1
1459,1368,1
1459,1323,1
1459,1271,1
1459,1229,1
1460,1459,1
1460,1458,1
1460,1450,1
1460,1447,1
1460,1444,1
1460,1442,1
1461,1460,1
1461,1460,1
1461,1458,1
1461,1450,1
1461,1447,1
1461,1444,1
1462,1461,1
1462,1398,1
1462,1352,1
1462,1288,1
1462,1236,1
1463,1462,1
1463,1413,1
1463,1375,1
1463,1328,1
1463,1276,1
1463,1234,1
1464,1463,1
1464,1441,1
1464,1437,1
1464,1435,1
1464,1417,1
1464,1415,1
1465,1464,1
1465,1461,1
1465,1460,1
1465,1458,1
1465,1450,1
1465,1447,1
1466,1465,1
1466,1464,1
1466,1441,1
1466,1437,1
1466,1435,1
1466,1417,1
1467,1466,1
1467,1240,1
1468,1467,1
1468,1419,1
1468,1379,1
1468,1332,1
1468,1286,1
1468,1241,1
1469,1468,1
1469,1465,1
1469,1461,1
1469,1460,1
1469,1458,1
1469,1450,1
1470,1469,1
1471,1470,1
1471,1469,1
1471,1465,1
1471,1461,1
1471,1460,1
1471,1458,1
1472,1471,1
1472,1424,1
1472,1383,1
1472,1340,1
1472,1292,1
1472,1245,1
1473,1472,1
1474,1473,1
1475,1474,1
1475,1471,1
1475,1469,1
1475,1465,1
1475,1461,1
1475,1460,1
1476,1475,1
1476,1475,1
1476,1471,1
1476,1469,1
1476,1465,1
1476,1461,1
1477,1476,1
1477,1476,1
1477,1475,1
1477,1471,1
1477,1469,1
1477,1465,1
1478,1477,1
1478,1455,1
1478,1430,1
1478,1407,1
1478,1390,1
1478,1370,1
1479,1478,1
1479,1431,1
1479,1389,1
1479,1378,1
1479,1360,1
1479,1312,1
1480,1479,1
1480,1477,1
1480,1476,1
1480,1475,1
1480,1471,1
1480,1469,1
1481,1480,1
1481,1456,1
1481,1433,1
1481,1410,1
1481,1392,1
1481,1372,1
1482,1481,1
1482,1457,1
1482,1411,1
1482,1393,1
1482,1373,1
1482,1350,1
1483,1482,1
1483,1480,1
1483,1477,1
1483,1476,1
1483,1475,1
1483,1471,1
1484,1483,1
1484,1448,1
1484,1311,1
1484,1309,1
1484,1243,1
1484,1218,1
1485,1484,1
1485,1466,1
1485,1464,1
1485,1441,1
1485,1437,1
1485,1435,1
1486,1485,1
1486,1416,1
1486,1385,1
1486,1258,1
1487,1486,1
1487,1483,1
1487,1480,1
1487,1477,1
1487,1476,1
1487,1475,1
1488,1487,1
1488,1485,1
1488,1466,1
1488,1464,1
1488,1441,1
1488,1437,1
1489,1488,1
1489,1487,1
1489,1483,1
1489,1480,1
1489,1477,1
1489,1476,1
1490,1489,1
1490,1489,1
1490,1487,1
1490,1483,1
1490,1480,1
1490,1477,1
1491,1490,1
1491,1490,1
1491,1489,1
1491,1487,1
1491,1483,1
1491,1480,1
1492,1491,1
1493,1492,1
1493,1491,1
1493,1490,1
1493,1489,1
1493,1487,1
1493,1483,1
1494,1493,1
1494,1493,1
1494,1491,1
1494,1490,1
1494,1489,1
1494,1487,1
1495,1494,1
1495,1451,1
1495,1402,1
1495,1365,1
1495,1319,1
1495,1267,1
1496,1495,1
1496,1452,1
1496,1403,1
1496,1366,1
1496,1320,1
1496,1268,1
1497,1496,1
1497,1454,1
1497,1453,1
1497,1445,1
1497,1406,1
1497,1384,1
1498,1497,1
1498,1478,1
1498,1455,1
1498,1430,1
1498,1407,1
1498,1390,1
1499,1498,1
1499,1459,1
1499,1408,1
1499,1368,1
1499,1323,1
1499,1271,1
1500,1499,1
1500,1494,1
1500,1493,1
1500,1491,1
1500,1490,1
1500,1489,1
1501,1500,1
1501,1481,1
1501,1456,1
1501,1433,1
1501,1410,1
1501,1392,1
1502,1501,1
1502,1482,1
1502,1457,1
1502,1411,1
1502,1393,1
1502,1373,1
1503,1502,1
1503,1500,1
1503,1494,1
1503,1493,1
1503,1491,1
1503,1490,1
1504,1503,1
1504,1463,1
1504,1413,1
1504,1375,1
1504,1328,1
1504,1276,1
1505,1504,1
1505,1503,1
1505,1500,1
1505,1494,1
1505,1493,1
1505,1491,1
1506,1505,1
1506,1505,1
1506,1503,1
1506,1500,1
1506,1494,1
1506,1493,1
1507,1506,1
1507,1506,1
1507,1505,1
1507,1503,1
1507,1500,1
1507,1494,1
1508,1507,1
1508,1488,1
1508,1485,1
1508,1466,1
1508,1464,1
1508,1441,1
1509,1508,1
1509,1357,1
1509,1282,1
1509,1246,1
1510,1509,1
1510,1283,1
1511,1510,1
1511,1507,1
1511,1506,1
1511,1505,1
1511,1503,1
1511,1500,1
1512,1511,1
1512,1511,1
1512,1507,1
1512,1506,1
1512,1505,1
1512,1503,1
1513,1512,1
1513,1468,1
1513,1419,1
1513,1379,1
1513,1332,1
1513,1286,1
1514,1513,1
1515,1514,1
1515,1462,1
1515,1398,1
1515,1352,1
1515,1288,1
1515,1236,1
1516,1515,1
1516,1508,1
1516,1488,1
1516,1485,1
1516,1466,1
1516,1464,1
1517,1516,1
1517,1512,1
1517,1511,1
1517,1507,1
1517,1506,1
1517,1505,1
1518,1517,1
1518,1517,1
1518,1512,1
1518,1511,1
1518,1507,1
1518,1506,1
1519,1518,1
1519,1472,1
1519,1424,1
1519,1383,1
1519,1340,1
1519,1292,1
1520,1519,1
1520,1293,1
1521,1520,1
1521,1294,1
1522,1521,1
1522,1436,1
1522,1296,1
1523,1522,1
1523,1522,1
1523,1436,1
1523,1296,1
1524,1523,1
1524,1498,1
1524,1478,1
1524,1455,1
1524,1430,1
1524,1407,1
1525,1524,1
1526,1525,1
1526,1518,1
1526,1517,1
1526,1512,1
1526,1511,1
1526,1507,1
1527,1526,1
1527,1501,1
1527,1481,1
1527,1456,1
1527,1433,1
1527,1410,1
1528,1527,1
1528,1502,1
1528,1482,1
1528,1457,1
1528,1411,1
1528,1393,1
1529,1528,1
1529,1526,1
1529,1518,1
1529,1517,1
1529,1512,1
1529,1511,1
1530,1529,1
1530,1529,1
1530,1526,1
1530,1518,1
1530,1517,1
1530,1512,1
1531,1530,1
1531,1530,1
1531,1529,1
1531,1526,1
1531,1518,1
1531,1517,1
1532,1531,1
1532,1516,1
1532,1508,1
1532,1488,1
1532,1485,1
1532,1466,1
1533,1532,1
1533,1531,1
1533,1530,1
1533,1529,1
1533,1526,1
1533,1518,1
1534,1533,1
1534,1532,1
1534,1516,1
1534,1508,1
1534,1488,1
1534,1485,1
1535,1534,1
1535,1534,1
1535,1532,1
1535,1516,1
1535,1508,1
1535,1488,1
1536,1535,1
1536,1484,1
1536,1448,1
1536,1311,1
1536,1309,1
1536,1243,1
1537,1536,1
1537,1533,1
1537,1531,1
1537,1530,1
1537,1529,1
1537,1526,1
1538,1537,1
1538,1537,1
1538,1533,1
1538,1531,1
1538,1530,1
1538,1529,1
1539,1538,1
1539,1536,1
1539,1484,1
1539,1448,1
1539,1311,1
1539,1309,1
1540,1539,1
1540,1479,1
1540,1431,1
1540,1389,1
1540,1378,1
1540,1360,1
1541,1540,1
1541,1404,1
1541,1313,1
1542,1541,1
1542,1538,1
1542,1537,1
1542,1533,1
1542,1531,1
1542,1530,1
1543,1542,1
1543,1542,1
1543,1538,1
1543,1537,1
1543,1533,1
1543,1531,1
1544,1543,1
1544,1543,1
1544,1542,1
1544,1538,1
1544,1537,1
1544,1533,1
1545,1544,1
1545,1440,1
1545,1359,1
1545,1263,1
1546,1545,1
1546,1535,1
1546,1534,1
1546,1532,1
1546,1516,1
1546,1508,1
1547,1546,1
1548,1547,1
1548,1544,1
1548,1543,1
1548,1542,1
1548,1538,1
1548,1537,1
1549,1548,1
1549,1548,1
1549,1544,1
1549,1543,1
1549,1542,1
1549,1538,1
1550,1549,1
1550,1495,1
1550,1451,1
1550,1402,1
1550,1365,1
1550,1319,1
1551,1550,1
1551,1496,1
1551,1452,1
1551,1403,1
1551,1366,1
1551,1320,1
1552,1551,1
1552,1497,1
1552,1454,1
1552,1453,1
1552,1445,1
1552,1406,1
1553,1552,1
1553,1524,1
1553,1498,1
1553,1478,1
1553,1455,1
1553,1430,1
1554,1553,1
1554,1499,1
1554,1459,1
1554,1408,1
1554,1368,1
1554,1323,1
1555,1554,1
1555,1549,1
1555,1548,1
1555,1544,1
1555,1543,1
1555,1542,1
1556,1555,1
1556,1527,1
1556,1501,1
1556,1481,1
1556,1456,1
1556,1433,1
1557,1556,1
1557,1528,1
1557,1502,1
1557,1482,1
1557,1457,1
1557,1411,1
1558,1557,1
1558,1555,1
1558,1549,1
1558,1548,1
1558,1544,1
1558,1543,1
1559,1558,1
1559,1504,1
1559,1463,1
1559,1413,1
1559,1375,1
1559,1328,1
1560,1559,1
1560,1558,1
1560,1555,1
1560,1549,1
1560,1548,1
1560,1544,1
1561,1560,1
1561,1546,1
1561,1535,1
1561,1534,1
1561,1532,1
1561,1516,1
1562,1561,1
1562,1560,1
1562,1558,1
1562,1555,1
1562,1549,1
1562,1548,1
1563,1562,1
1563,1513,1
1563,1468,1
1563,1419,1
1563,1379,1
1563,1332,1
1564,1563,1
1564,1561,1
1564,1546,1
1564,1535,1
1564,1534,1
1564,1532,1
1565,1564,1
1565,1562,1
1565,1560,1
1565,1558,1
1565,1555,1
1565,1549,1
1566,1565,1
1566,1565,1
1566,1562,1
1566,1560,1
1566,1558,1
1566,1555,1
1567,1566,1
1567,1566,1
1567,1565,1
1567,1562,1
1567,1560,1
1567,1558,1
1568,1567,1
1568,1567,1
1568,1566,1
1568,1565,1
1568,1562,1
1568,1560,1
1569,1568,1
1569,1519,1
1569,1472,1
1569,1424,1
1569,1383,1
1569,1340,1
1570,1569,1
1570,1200,1
1571,1570,1
1571,1201,1
1572,1571,1
1572,1568,1
1572,1567,1
1572,1566,1
1572,1565,1
1572,1562,1
1573,1572,1
1573,1572,1
1573,1568,1
1573,1567,1
1573,1566,1
1573,1565,1
1574,1573,1
1574,1573,1
1574,1572,1
1574,1568,1
1574,1567,1
1574,1566,1
1575,1574,1
1575,1553,1
1575,1524,1
1575,1498,1
1575,1478,1
1575,1455,1
1576,1575,1
1576,1564,1
1576,1561,1
1576,1546,1
1576,1535,1
1576,1534,1
1577,1576,1
1577,1574,1
1577,1573,1
1577,1572,1
1577,1568,1
1577,1567,1
1578,1577,1
1578,1556,1
1578,1527,1
1578,1501,1
1578,1481,1
1578,1456,1
1579,1578,1
1579,1557,1
1579,1528,1
1579,1502,1
1579,1482,1
1579,1457,1
1580,1579,1
1580,1577,1
1580,1574,1
1580,1573,1
1580,1572,1
1580,1568,1
1581,1580,1
1581,1515,1
1581,1462,1
1581,1398,1
1581,1352,1
1581,1288,1
1582,1581,1
1582,1576,1
1582,1564,1
1582,1561,1
1582,1546,1
1582,1535,1
1583,1582,1
1583,1354,1
1584,1583,1
1584,1582,1
1584,1576,1
1584,1564,1
1584,1561,1
1584,1546,1
1585,1584,1
1585,1580,1
1585,1577,1
1585,1574,1
1585,1573,1
1585,1572,1
1586,1585,1
1586,1420,1
1586,1221,1
1587,1586,1
1587,1585,1
1587,1580,1
1587,1577,1
1587,1574,1
1587,1573,1
1588,1587,1
1588,1587,1
1588,1585,1
1588,1580,1
1588,1577,1
1588,1574,1
1589,1588,1
1589,1550,1
1589,1495,1
1589,1451,1
1589,1402,1
1589,1365,1
1590,1589,1
1590,1551,1
1590,1496,1
1590,1452,1
1590,1403,1
1590,1366,1
1591,1590,1
1591,1552,1
1591,1497,1
1591,1454,1
1591,1453,1
1591,1445,1
1592,1591,1
1592,1575,1
1592,1553,1
1592,1524,1
1592,1498,1
1592,1478,1
1593,1592,1
1593,1554,1
1593,1499,1
1593,1459,1
1593,1408,1
1593,1368,1
1594,1593,1
1594,1588,1
1594,1587,1
1594,1585,1
1594,1580,1
1594,1577,1
1595,1594,1
1595,1578,1
1595,1556,1
1595,1527,1
1595,1501,1
1595,1481,1
1596,1595,1
1596,1579,1
1596,1557,1
1596,1528,1
1596,1502,1
1596,1482,1
1597,1596,1
1597,1594,1
1597,1588,1
1597,1587,1
1597,1585,1
1597,1580,1
1598,1597,1
1598,1591,1
1598,1552,1
1598,1497,1
1598,1454,1
1598,1453,1
1599,1598,1
1599,1597,1
1599,1594,1
1599,1588,1
1599,1587,1
1599,1585,1
1601,1600,1
1602,1601,1
1602,1600,1
1603,1602,1
1604,1603,1
1605,1604,1
1606,1605,1
1607,1606,1
1608,1607,1
1608,1604,1
1609,1608,1
1609,1608,1
1609,1604,1
1610,1609,1
1610,1609,1
1610,1608,1
1610,1604,1
1611,1610,1
1612,1611,1
1613,1612,1
1613,1610,1
1613,1609,1
1613,1608,1
1613,1604,1
1614,1613,1
1615,1614,1
1616,1615,1
1616,1613,1
1616,1610,1
1616,1609,1
1616,1608,1
1616,1604,1
1617,1616,1
1617,1602,1
1617,1600,1
1618,1617,1
1618,1617,1
1618,1602,1
1618,1600,1
1619,1618,1
1619,1616,1
1619,1613,1
1619,1610,1
1619,1609,1
1619,1608,1
1620,1619,1
1621,1620,1
1622,1621,1
1622,1619,1
1622,1616,1
1622,1613,1
1622,1610,1
1622,1609,1
1623,1622,1
1624,1623,1
1624,1622,1
1624,1619,1
1624,1616,1
1624,1613,1
1624,1610,1
1625,1624,1
1626,1625,1
1627,1626,1
1627,1624,1
1627,1622,1
1627,1619,1
1627,1616,1
1627,1613,1
1628,1627,1
1629,1628,1
1630,1629,1
1630,1612,1
1631,1630,1
1632,1631,1
1632,1614,1
1633,1632,1
1633,1615,1
1634,1633,1
1634,1627,1
1634,1624,1
1634,1622,1
1634,1619,1
1634,1616,1
1635,1634,1
1635,1634,1
1635,1627,1
1635,1624,1
1635,1622,1
1635,1619,1
1636,1635,1
1636,1629,1
1637,1636,1
1637,1635,1
1637,1634,1
1637,1627,1
1637,1624,1
1637,1622,1
1638,1637,1
1638,1618,1
1638,1617,1
1638,1602,1
1638,1600,1
1639,1638,1
1639,1637,1
1639,1635,1
1639,1634,1
1639,1627,1
1639,1624,1
1640,1639,1
1640,1638,1
1640,1618,1
1640,1617,1
1640,1602,1
1640,1600,1
1641,1640,1
1641,1601,1
1642,1641,1
1642,1639,1
1642,1637,1
1642,1635,1
1642,1634,1
1642,1627,1
1643,1642,1
1644,1643,1
1644,1642,1
1644,1639,1
1644,1637,1
1644,1635,1
1644,1634,1
1645,1644,1
1645,1605,1
1646,1645,1
1647,1646,1
1648,1647,1
1648,1644,1
1648,1642,1
1648,1639,1
1648,1637,1
1648,1635,1
1649,1648,1
1649,1648,1
1649,1644,1
1649,1642,1
1649,1639,1
1649,1637,1
1650,1649,1
1650,1649,1
1650,1648,1
1650,1644,1
1650,1642,1
1650,1639,1
1651,1650,1
1651,1611,1
1652,1651,1
1652,1630,1
1652,1612,1
1653,1652,1
1653,1650,1
1653,1649,1
1653,1648,1
1653,1644,1
1653,1642,1
1654,1653,1
1654,1632,1
1654,1614,1
1655,1654,1
1655,1633,1
1655,1615,1
1656,1655,1
1656,1653,1
1656,1650,1
1656,1649,1
1656,1648,1
1656,1644,1
1657,1656,1
1657,1640,1
1657,1638,1
1657,1618,1
1657,1617,1
1657,1602,1
1658,1657,1
1658,1657,1
1658,1640,1
1658,1638,1
1658,1618,1
1658,1617,1
1659,1658,1
1659,1656,1
1659,1653,1
1659,1650,1
1659,1649,1
1659,1648,1
1660,1659,1
1660,1659,1
1660,1656,1
1660,1653,1
1660,1650,1
1660,1649,1
1661,1660,1
1661,1660,1
1661,1659,1
1661,1656,1
1661,1653,1
1661,1650,1
1662,1661,1
1662,1661,1
1662,1660,1
1662,1659,1
1662,1656,1
1662,1653,1
1663,1662,1
1663,1636,1
1663,1629,1
1664,1663,1
1665,1664,1
1666,1665,1
1667,1666,1
1667,1662,1
1667,1661,1
1667,1660,1
1667,1659,1
1667,1656,1
1668,1667,1
1668,1667,1
1668,1662,1
1668,1661,1
1668,1660,1
1668,1659,1
1669,1668,1
1669,1625,1
1670,1669,1
1670,1626,1
1671,1670,1
1671,1663,1
1671,1636,1
1671,1629,1
1672,1671,1
1672,1671,1
1672,1663,1
1672,1636,1
1672,1629,1
1673,1672,1
1673,1652,1
1673,1630,1
1673,1612,1
1674,1673,1
1674,1628,1
1675,1674,1
1675,1668,1
1675,1667,1
1675,1662,1
1675,1661,1
1675,1660,1
1676,1675,1
1676,1654,1
1676,1632,1
1676,1614,1
1677,1676,1
1677,1655,1
1677,1633,1
1677,1615,1
1678,1677,1
1678,1675,1
1678,1668,1
1678,1667,1
1678,1662,1
1678,1661,1
1679,1678,1
1679,1678,1
1679,1675,1
1679,1668,1
1679,1667,1
1679,1662,1
1680,1679,1
1680,1621,1
1681,1680,1
1681,1679,1
1681,1678,1
1681,1675,1
1681,1668,1
1681,1667,1
1682,1681,1
1682,1658,1
1682,1657,1
1682,1640,1
1682,1638,1
1682,1618,1
1683,1682,1
1683,1682,1
1683,1658,1
1683,1657,1
1683,1640,1
1683,1638,1
1684,1683,1
1685,1684,1
1685,1641,1
1685,1601,1
1686,1685,1
1687,1686,1
1687,1681,1
1687,1679,1
1687,1678,1
1687,1675,1
1687,1668,1
1688,1687,1
1688,1687,1
1688,1681,1
1688,1679,1
1688,1678,1
1688,1675,1
1689,1688,1
1689,1645,1
1689,1605,1
1690,1689,1
1690,1688,1
1690,1687,1
1690,1681,1
1690,1679,1
1690,1678,1
1691,1690,1
1691,1665,1
1692,1691,1
1692,1690,1
1692,1688,1
1692,1687,1
1692,1681,1
1692,1679,1
1693,1692,1
1693,1692,1
1693,1690,1
1693,1688,1
1693,1687,1
1693,1681,1
1694,1693,1
1694,1673,1
1694,1652,1
1694,1630,1
1694,1612,1
1695,1694,1
1695,1693,1
1695,1692,1
1695,1690,1
1695,1688,1
1695,1687,1
1696,1695,1
1696,1695,1
1696,1693,1
1696,1692,1
1696,1690,1
1696,1688,1
1697,1696,1
1697,1676,1
1697,1654,1
1697,1632,1
1697,1614,1
1698,1697,1
1698,1677,1
1698,1655,1
1698,1633,1
1698,1615,1
1699,1698,1
1699,1651,1
1699,1611,1
1700,1699,1
1700,1696,1
1700,1695,1
1700,1693,1
1700,1692,1
1700,1690,1
1701,1700,1
1701,1683,1
1701,1682,1
1701,1658,1
1701,1657,1
1701,1640,1
1702,1701,1
1703,1702,1
1703,1700,1
1703,1696,1
1703,1695,1
1703,1693,1
1703,1692,1
1704,1703,1
1704,1701,1
1704,1683,1
1704,1682,1
1704,1658,1
1704,1657,1
1705,1704,1
1705,1703,1
1705,1700,1
1705,1696,1
1705,1695,1
1705,1693,1
1706,1705,1
1707,1706,1
1707,1705,1
1707,1703,1
1707,1700,1
1707,1696,1
1707,1695,1
1708,1707,1
1708,1620,1
1709,1708,1
1709,1664,1
1710,1709,1
1711,1710,1
1711,1707,1
1711,1705,1
1711,1703,1
1711,1700,1
1711,1696,1
1712,1711,1
1712,1711,1
1712,1707,1
1712,1705,1
1712,1703,1
1712,1700,1
1713,1712,1
1713,1669,1
1713,1625,1
1714,1713,1
1714,1670,1
1714,1626,1
1715,1714,1
1715,1672,1
1715,1671,1
1715,1663,1
1715,1636,1
1715,1629,1
1716,1715,1
1716,1694,1
1716,1673,1
1716,1652,1
1716,1630,1
1716,1612,1
1717,1716,1
1717,1674,1
1717,1628,1
1718,1717,1
1718,1712,1
1718,1711,1
1718,1707,1
1718,1705,1
1718,1703,1
1719,1718,1
1719,1697,1
1719,1676,1
1719,1654,1
1719,1632,1
1719,1614,1
1720,1719,1
1720,1698,1
1720,1677,1
1720,1655,1
1720,1633,1
1720,1615,1
1721,1720,1
1721,1718,1
1721,1712,1
1721,1711,1
1721,1707,1
1721,1705,1
1722,1721,1
1722,1715,1
1722,1672,1
1722,1671,1
1722,1663,1
1722,1636,1
1723,1722,1
1723,1721,1
1723,1718,1
1723,1712,1
1723,1711,1
1723,1707,1
1724,1723,1
1724,1723,1
1724,1721,1
1724,1718,1
1724,1712,1
1724,1711,1
1725,1724,1
1725,1704,1
1725,1701,1
1725,1683,1
1725,1682,1
1725,1658,1
1726,1725,1
1726,1724,1
1726,1723,1
1726,1721,1
1726,1718,1
1726,1712,1
1727,1726,1
1727,1725,1
1727,1704,1
1727,1701,1
1727,1683,1
1727,1682,1
1728,1727,1
1728,1606,1
1729,1728,1
1730,1729,1
1730,1726,1
1730,1724,1
1730,1723,1
1730,1721,1
1730,1718,1
1731,1730,1
1731,1730,1
1731,1726,1
1731,1724,1
1731,1723,1
1731,1721,1
1732,1731,1
1733,1732,1
1734,1733,1
1734,1680,1
1734,1621,1
1735,1734,1
1735,1731,1
1735,1730,1
1735,1726,1
1735,1724,1
1735,1723,1
1736,1735,1
1736,1735,1
1736,1731,1
1736,1730,1
1736,1726,1
1736,1724,1
1737,1736,1
1737,1689,1
1737,1645,1
1737,1605,1
1738,1737,1
1738,1686,1
1739,1738,1
1740,1739,1
1741,1740,1
1741,1722,1
1741,1715,1
1741,1672,1
1741,1671,1
1741,1663,1
1742,1741,1
1742,1716,1
1742,1694,1
1742,1673,1
1742,1652,1
1742,1630,1
1743,1742,1
1743,1702,1
1744,1743,1
1744,1736,1
1744,1735,1
1744,1731,1
1744,1730,1
1744,1726,1
1745,1744,1
1745,1719,1
1745,1697,1
1745,1676,1
1745,1654,1
1745,1632,1
1746,1745,1
1746,1720,1
1746,1698,1
1746,1677,1
1746,1655,1
1746,1633,1
1747,1746,1
1747,1744,1
1747,1736,1
1747,1735,1
1747,1731,1
1747,1730,1
1748,1747,1
1748,1747,1
1748,1744,1
1748,1736,1
1748,1735,1
1748,1731,1
1749,1748,1
1749,1748,1
1749,1747,1
1749,1744,1
1749,1736,1
1749,1735,1
1750,1749,1
1750,1699,1
1750,1651,1
1750,1611,1
1751,1750,1
1751,1749,1
1751,1748,1
1751,1747,1
1751,1744,1
1751,1736,1
1752,1751,1
1752,1727,1
1752,1725,1
1752,1704,1
1752,1701,1
1752,1683,1
1753,1752,1
1753,1752,1
1753,1727,1
1753,1725,1
1753,1704,1
1753,1701,1
1754,1753,1
1754,1709,1
1754,1664,1
1755,1754,1
1755,1751,1
1755,1749,1
1755,1748,1
1755,1747,1
1755,1744,1
1756,1755,1
1756,1754,1
1756,1709,1
1756,1664,1
1757,1756,1
1757,1750,1
1757,1699,1
1757,1651,1
1757,1611,1
1758,1757,1
1758,1631,1
1759,1758,1
1759,1755,1
1759,1751,1
1759,1749,1
1759,1748,1
1759,1747,1
1760,1759,1
1760,1759,1
1760,1755,1
1760,1751,1
1760,1749,1
1760,1748,1
1761,1760,1
1761,1760,1
1761,1759,1
1761,1755,1
1761,1751,1
1761,1749,1
1762,1761,1
1763,1762,1
1763,1761,1
1763,1760,1
1763,1759,1
1763,1755,1
1763,1751,1
1764,1763,1
1764,1713,1
1764,1669,1
1764,1625,1
1765,1764,1
1765,1714,1
1765,1670,1
1765,1626,1
1766,1765,1
1766,1763,1
1766,1761,1
1766,1760,1
1766,1759,1
1766,1755,1
1767,1766,1
1767,1717,1
1767,1674,1
1767,1628,1
1768,1767,1
1768,1741,1
1768,1722,1
1768,1715,1
1768,1672,1
1768,1671,1
1769,1768,1
1769,1742,1
1769,1716,1
1769,1694,1
1769,1673,1
1769,1652,1
1770,1769,1
1770,1766,1
1770,1763,1
1770,1761,1
1770,1760,1
1770,1759,1
1771,1770,1
1771,1745,1
1771,1719,1
1771,1697,1
1771,1676,1
1771,1654,1
1772,1771,1
1772,1746,1
1772,1720,1
1772,1698,1
1772,1677,1
1772,1655,1
1773,1772,1
1773,1770,1
1773,1766,1
1773,1763,1
1773,1761,1
1773,1760,1
1774,1773,1
1774,1773,1
1774,1770,1
1774,1766,1
1774,1763,1
1774,1761,1
1775,1774,1
1775,1774,1
1775,1773,1
1775,1770,1
1775,1766,1
1775,1763,1
1776,1775,1
1776,1753,1
1776,1752,1
1776,1727,1
1776,1725,1
1776,1704,1
1777,1776,1
1777,1775,1
1777,1774,1
1777,1773,1
1777,1770,1
1777,1766,1
1778,1777,1
1778,1740,1
1779,1778,1
1779,1776,1
1779,1753,1
1779,1752,1
1779,1727,1
1779,1725,1
1780,1779,1
1780,1732,1
1781,1780,1
1781,1777,1
1781,1775,1
1781,1774,1
1781,1773,1
1781,1770,1
1782,1781,1
1782,1607,1
1783,1782,1
1783,1781,1
1783,1777,1
1783,1775,1
1783,1774,1
1783,1773,1
1784,1783,1
1784,1783,1
1784,1781,1
1784,1777,1
1784,1775,1
1784,1774,1
1785,1784,1
1785,1737,1
1785,1689,1
1785,1645,1
1785,1605,1
1786,1785,1
1787,1786,1
1788,1787,1
1788,1784,1
1788,1783,1
1788,1781,1
1788,1777,1
1788,1775,1
1789,1788,1
1789,1788,1
1789,1784,1
1789,1783,1
1789,1781,1
1789,1777,1
1790,1789,1
1790,1789,1
1790,1788,1
1790,1784,1
1790,1783,1
1790,1781,1
1791,1790,1
1792,1791,1
1792,1769,1
1792,1742,1
1792,1716,1
1792,1694,1
1792,1673,1
1793,1792,1
1793,1790,1
1793,1789,1
1793,1788,1
1793,1784,1
1793,1783,1
1794,1793,1
1794,1771,1
1794,1745,1
1794,1719,1
1794,1697,1
1794,1676,1
1795,1794,1
1795,1772,1
1795,1746,1
1795,1720,1
1795,1698,1
1795,1677,1
1796,1795,1
1796,1793,1
1796,1790,1
1796,1789,1
1796,1788,1
1796,1784,1
1797,1796,1
1797,1734,1
1797,1680,1
1797,1621,1
1798,1797,1
1798,1779,1
1798,1776,1
1798,1753,1
1798,1752,1
1798,1727,1
1799,1798,1
1800,1799,1
1800,1798,1
1800,1779,1
1800,1776,1
1800,1753,1
1800,1752,1
1801,1800,1
1802,1801,1
1802,1728,1
1802,1606,1
1803,1802,1
1803,1796,1
1803,1793,1
1803,1790,1
1803,1789,1
1803,1788,1
1804,1803,1
1804,1708,1
1804,1620,1
1805,1804,1
1806,1805,1
1806,1803,1
1806,1796,1
1806,1793,1
1806,1790,1
1806,1789,1
1807,1806,1
1807,1806,1
1807,1803,1
1807,1796,1
1807,1793,1
1807,1790,1
1808,1807,1
1808,1764,1
1808,1713,1
1808,1669,1
1808,1625,1
1809,1808,1
1809,1768,1
1809,1741,1
1809,1722,1
1809,1715,1
1809,1672,1
1810,1809,1
1810,1792,1
1810,1769,1
1810,1742,1
1810,1716,1
1810,1694,1
1811,1810,1
1811,1767,1
1811,1717,1
1811,1674,1
1811,1628,1
1812,1811,1
1812,1807,1
1812,1806,1
1812,1803,1
1812,1796,1
1812,1793,1
1813,1812,1
1813,1794,1
1813,1771,1
1813,1745,1
1813,1719,1
1813,1697,1
1814,1813,1
1814,1795,1
1814,1772,1
1814,1746,1
1814,1720,1
1814,1698,1
1815,1814,1
1815,1812,1
1815,1807,1
1815,1806,1
1815,1803,1
1815,1796,1
1816,1815,1
1816,1815,1
1816,1812,1
1816,1807,1
1816,1806,1
1816,1803,1
1817,1816,1
1817,1816,1
1817,1815,1
1817,1812,1
1817,1807,1
1817,1806,1
1818,1817,1
1818,1800,1
1818,1798,1
1818,1779,1
1818,1776,1
1818,1753,1
1819,1818,1
1819,1757,1
1819,1750,1
1819,1699,1
1819,1651,1
1819,1611,1
1820,1819,1
1820,1780,1
1820,1732,1
1821,1820,1
1821,1818,1
1821,1800,1
1821,1798,1
1821,1779,1
1821,1776,1
1822,1821,1
1823,1822,1
1824,1823,1
1824,1817,1
1824,1816,1
1824,1815,1
1824,1812,1
1824,1807,1
1825,1824,1
1825,1824,1
1825,1817,1
1825,1816,1
1825,1815,1
1825,1812,1
1826,1825,1
1826,1785,1
1826,1737,1
1826,1689,1
1826,1645,1
1826,1605,1
1827,1826,1
1828,1827,1
1829,1828,1
1829,1825,1
1829,1824,1
1829,1817,1
1829,1816,1
1829,1815,1
1830,1829,1
1830,1829,1
1830,1825,1
1830,1824,1
1830,1817,1
1830,1816,1
1831,1830,1
1831,1830,1
1831,1829,1
1831,1825,1
1831,1824,1
1831,1817,1
1832,1831,1
1832,1810,1
1832,1792,1
1832,1769,1
1832,1742,1
1832,1716,1
1833,1832,1
1833,1791,1
1834,1833,1
1834,1831,1
1834,1830,1
1834,1829,1
1834,1825,1
1834,1824,1
1835,1834,1
1835,1813,1
1835,1794,1
1835,1771,1
1835,1745,1
1835,1719,1
1836,1835,1
1836,1814,1
1836,1795,1
1836,1772,1
1836,1746,1
1836,1720,1
1837,1836,1
1837,1834,1
1837,1831,1
1837,1830,1
1837,1829,1
1837,1825,1
1838,1837,1
1838,1821,1
1838,1818,1
1838,1800,1
1838,1798,1
1838,1779,1
1839,1838,1
1839,1837,1
1839,1834,1
1839,1831,1
1839,1830,1
1839,1829,1
1840,1839,1
1840,1838,1
1840,1821,1
1840,1818,1
1840,1800,1
1840,1798,1
1841,1840,1
1841,1839,1
1841,1837,1
1841,1834,1
1841,1831,1
1841,1830,1
1842,1841,1
1842,1797,1
1842,1734,1
1842,1680,1
1842,1621,1
1843,1842,1
1844,1843,1
1844,1841,1
1844,1839,1
1844,1837,1
1844,1834,1
1844,1831,1
1845,1844,1
1845,1844,1
1845,1841,1
1845,1839,1
1845,1837,1
1845,1834,1
1846,1845,1
1846,1808,1
1846,1764,1
1846,1713,1
1846,1669,1
1846,1625,1
1847,1846,1
1847,1765,1
1847,1714,1
1847,1670,1
1847,1626,1
1848,1847,1
1848,1758,1
1848,1631,1
1849,1848,1
1849,1845,1
1849,1844,1
1849,1841,1
1849,1839,1
1849,1837,1
1850,1849,1
1850,1809,1
1850,1768,1
1850,1741,1
1850,1722,1
1850,1715,1
1851,1850,1
1851,1832,1
1851,1810,1
1851,1792,1
1851,1769,1
1851,1742,1
1852,1851,1
1852,1811,1
1852,1767,1
1852,1717,1
1852,1674,1
1852,1628,1
1853,1852,1
1853,1849,1
1853,1845,1
1853,1844,1
1853,1841,1
1853,1839,1
1854,1853,1
1854,1835,1
1854,1813,1
1854,1794,1
1854,1771,1
1854,1745,1
1855,1854,1
1855,1836,1
1855,1814,1
1855,1795,1
1855,1772,1
1855,1746,1
1856,1855,1
1856,1853,1
1856,1849,1
1856,1845,1
1856,1844,1
1856,1841,1
1857,1856,1
1857,1856,1
1857,1853,1
1857,1849,1
1857,1845,1
1857,1844,1
1858,1857,1
1858,1857,1
1858,1856,1
1858,1853,1
1858,1849,1
1858,1845,1
1859,1858,1
1859,1840,1
1859,1838,1
1859,1821,1
1859,1818,1
1859,1800,1
1860,1859,1
1860,1858,1
1860,1857,1
1860,1856,1
1860,1853,1
1860,1849,1
1861,1860,1
1861,1859,1
1861,1840,1
1861,1838,1
1861,1821,1
1861,1818,1
1862,1861,1
1862,1685,1
1862,1641,1
1862,1601,1
1863,1862,1
1864,1863,1
1864,1833,1
1864,1791,1
1865,1864,1
1865,1860,1
1865,1858,1
1865,1857,1
1865,1856,1
1865,1853,1
1866,1865,1
1866,1826,1
1866,1785,1
1866,1737,1
1866,1689,1
1866,1645,1
1867,1866,1
1867,1778,1
1867,1740,1
1868,1867,1
1869,1868,1
1869,1865,1
1869,1860,1
1869,1858,1
1869,1857,1
1869,1856,1
1870,1869,1
1870,1869,1
1870,1865,1
1870,1860,1
1870,1858,1
1870,1857,1
1871,1870,1
1871,1870,1
1871,1869,1
1871,1865,1
1871,1860,1
1871,1858,1
1872,1871,1
1872,1864,1
1872,1833,1
1872,1791,1
1873,1872,1
1873,1851,1
1873,1832,1
1873,1810,1
1873,1792,1
1873,1769,1
1874,1873,1
1874,1871,1
1874,1870,1
1874,1869,1
1874,1865,1
1874,1860,1
1875,1874,1
1875,1854,1
1875,1835,1
1875,1813,1
1875,1794,1
1875,1771,1
1876,1875,1
1876,1855,1
1876,1836,1
1876,1814,1
1876,1795,1
1876,1772,1
1877,1876,1
1877,1874,1
1877,1871,1
1877,1870,1
1877,1869,1
1877,1865,1
1878,1877,1
1878,1861,1
1878,1859,1
1878,1840,1
1878,1838,1
1878,1821,1
1879,1878,1
1879,1801,1
1880,1879,1
1880,1878,1
1880,1861,1
1880,1859,1
1880,1840,1
1880,1838,1
1881,1880,1
1881,1877,1
1881,1874,1
1881,1871,1
1881,1870,1
1881,1869,1
1882,1881,1
1882,1881,1
1882,1877,1
1882,1874,1
1882,1871,1
1882,1870,1
1883,1882,1
1883,1804,1
1883,1708,1
1883,1620,1
1884,1883,1
1884,1882,1
1884,1881,1
1884,1877,1
1884,1874,1
1884,1871,1
1885,1884,1
1885,1884,1
1885,1882,1
1885,1881,1
1885,1877,1
1885,1874,1
1886,1885,1
1886,1885,1
1886,1884,1
1886,1882,1
1886,1881,1
1886,1877,1
1887,1886,1
1887,1846,1
1887,1808,1
1887,1764,1
1887,1713,1
1887,1669,1
1888,1887,1
1888,1756,1
1888,1754,1
1888,1709,1
1888,1664,1
1889,1888,1
1889,1886,1
1889,1885,1
1889,1884,1
1889,1882,1
1889,1881,1
1890,1889,1
1890,1889,1
1890,1886,1
1890,1885,1
1890,1884,1
1890,1882,1
1891,1890,1
1892,1891,1
1892,1890,1
1892,1889,1
1892,1886,1
1892,1885,1
1892,1884,1
1893,1892,1
1894,1893,1
1894,1892,1
1894,1890,1
1894,1889,1
1894,1886,1
1894,1885,1
1895,1894,1
1895,1850,1
1895,1809,1
1895,1768,1
1895,1741,1
1895,1722,1
1896,1895,1
1896,1888,1
1896,1756,1
1896,1754,1
1896,1709,1
1896,1664,1
1897,1896,1
1897,1894,1
1897,1892,1
1897,1890,1
1897,1889,1
1897,1886,1
1898,1897,1
1898,1887,1
1898,1846,1
1898,1808,1
1898,1764,1
1898,1713,1
1899,1898,1
1899,1847,1
1899,1765,1
1899,1714,1
1899,1670,1
1899,1626,1
1900,1899,1
1900,1895,1
1900,1850,1
1900,1809,1
1900,1768,1
1900,1741,1
1901,1900,1
1901,1873,1
1901,1851,1
1901,1832,1
1901,1810,1
1901,1792,1
1902,1901,1
1902,1897,1
1902,1894,1
1902,1892,1
1902,1890,1
1902,1889,1
1903,1902,1
1903,1875,1
1903,1854,1
1903,1835,1
1903,1813,1
1903,1794,1
1904,1903,1
1904,1842,1
1904,1797,1
1904,1734,1
1904,1680,1
1904,1621,1
1905,1904,1
1905,1876,1
1905,1855,1
1905,1836,1
1905,1814,1
1905,1795,1
1906,1905,1
1906,1902,1
1906,1897,1
1906,1894,1
1906,1892,1
1906,1890,1
1907,1906,1
1907,1852,1
1907,1811,1
1907,1767,1
1907,1717,1
1907,1674,1
1908,1907,1
1908,1880,1
1908,1878,1
1908,1861,1
1908,1859,1
1908,1840,1
1909,1908,1
1909,1906,1
1909,1902,1
1909,1897,1
1909,1894,1
1909,1892,1
1910,1909,1
1910,1909,1
1910,1906,1
1910,1902,1
1910,1897,1
1910,1894,1
1911,1910,1
1911,1910,1
1911,1909,1
1911,1906,1
1911,1902,1
1911,1897,1
1912,1911,1
1912,1908,1
1912,1880,1
1912,1878,1
1912,1861,1
1912,1859,1
1913,1912,1
1913,1900,1
1913,1895,1
1913,1850,1
1913,1809,1
1913,1768,1
1914,1913,1
1914,1684,1
1915,1914,1
1915,1862,1
1915,1685,1
1915,1641,1
1915,1601,1
1916,1915,1
1916,1691,1
1916,1665,1
1917,1916,1
1918,1917,1
1918,1911,1
1918,1910,1
1918,1909,1
1918,1906,1
1918,1902,1
1919,1918,1
1920,1919,1
1920,1918,1
1920,1911,1
1920,1910,1
1920,1909,1
1920,1906,1
1921,1920,1
1921,1866,1
1921,1826,1
1921,1785,1
1921,1737,1
1921,1689,1
1922,1921,1
1923,1922,1
1924,1923,1
1924,1920,1
1924,1918,1
1924,1911,1
1924,1910,1
1924,1909,1
1925,1924,1
1925,1924,1
1925,1920,1
1925,1918,1
1925,1911,1
1925,1910,1
1926,1925,1
1926,1925,1
1926,1924,1
1926,1920,1
1926,1918,1
1926,1911,1
1927,1926,1
1927,1901,1
1927,1873,1
1927,1851,1
1927,1832,1
1927,1810,1
1928,1927,1
1928,1872,1
1928,1864,1
1928,1833,1
1928,1791,1
1929,1928,1
1929,1926,1
1929,1925,1
1929,1924,1
1929,1920,1
1929,1918,1
1930,1929,1
1930,1903,1
1930,1875,1
1930,1854,1
1930,1835,1
1930,1813,1
1931,1930,1
1931,1905,1
1931,1876,1
1931,1855,1
1931,1836,1
1931,1814,1
1932,1931,1
1932,1929,1
1932,1926,1
1932,1925,1
1932,1924,1
1932,1920,1
1933,1932,1
1933,1912,1
1933,1908,1
1933,1880,1
1933,1878,1
1933,1861,1
1934,1933,1
1934,1743,1
1934,1702,1
1935,1934,1
1935,1932,1
1935,1929,1
1935,1926,1
1935,1925,1
1935,1924,1
1936,1935,1
1936,1933,1
1936,1912,1
1936,1908,1
1936,1880,1
1936,1878,1
1937,1936,1
1937,1935,1
1937,1932,1
1937,1929,1
1937,1926,1
1937,1925,1
1938,1937,1
1938,1937,1
1938,1935,1
1938,1932,1
1938,1929,1
1938,1926,1
1939,1938,1
1940,1939,1
1940,1938,1
1940,1937,1
1940,1935,1
1940,1932,1
1940,1929,1
1941,1940,1
1941,1940,1
1941,1938,1
1941,1937,1
1941,1935,1
1941,1932,1
1942,1941,1
1942,1898,1
1942,1887,1
1942,1846,1
1942,1808,1
1942,1764,1
1943,1942,1
1943,1899,1
1943,1847,1
1943,1765,1
1943,1714,1
1943,1670,1
1944,1943,1
1944,1913,1
1944,1900,1
1944,1895,1
1944,1850,1
1944,1809,1
1945,1944,1
1945,1927,1
1945,1901,1
1945,1873,1
1945,1851,1
1945,1832,1
1946,1945,1
1946,1907,1
1946,1852,1
1946,1811,1
1946,1767,1
1946,1717,1
1947,1946,1
1947,1941,1
1947,1940,1
1947,1938,1
1947,1937,1
1947,1935,1
1948,1947,1
1948,1930,1
1948,1903,1
1948,1875,1
1948,1854,1
1948,1835,1
1949,1948,1
1949,1931,1
1949,1905,1
1949,1876,1
1949,1855,1
1949,1836,1
1950,1949,1
1950,1947,1
1950,1941,1
1950,1940,1
1950,1938,1
1950,1937,1
1951,1950,1
1951,1950,1
1951,1947,1
1951,1941,1
1951,1940,1
1951,1938,1
1952,1951,1
1952,1951,1
1952,1950,1
1952,1947,1
1952,1941,1
1952,1940,1
1953,1952,1
1953,1896,1
1953,1888,1
1953,1756,1
1953,1754,1
1953,1709,1
1954,1953,1
1954,1952,1
1954,1951,1
1954,1950,1
1954,1947,1
1954,1941,1
1955,1954,1
1955,1936,1
1955,1933,1
1955,1912,1
1955,1908,1
1955,1880,1
1956,1955,1
1956,1955,1
1956,1936,1
1956,1933,1
1956,1912,1
1956,1908,1
1957,1956,1
1957,1802,1
1957,1728,1
1957,1606,1
1958,1957,1
1958,1729,1
1959,1958,1
1959,1954,1
1959,1952,1
1959,1951,1
1959,1950,1
1959,1947,1
1960,1959,1
1960,1959,1
1960,1954,1
1960,1952,1
1960,1951,1
1960,1950,1
1961,1960,1
1961,1960,1
1961,1959,1
1961,1954,1
1961,1952,1
1961,1951,1
1962,1961,1
1962,1915,1
1962,1862,1
1962,1685,1
1962,1641,1
1962,1601,1
1963,1962,1
1964,1963,1
1964,1904,1
1964,1842,1
1964,1797,1
1964,1734,1
1964,1680,1
1965,1964,1
1965,1961,1
1965,1960,1
1965,1959,1
1965,1954,1
1965,1952,1
1966,1965,1
1966,1965,1
1966,1961,1
1966,1960,1
1966,1959,1
1966,1954,1
1967,1966,1
1967,1966,1
1967,1965,1
1967,1961,1
1967,1960,1
1967,1959,1
1968,1967,1
1968,1921,1
1968,1866,1
1968,1826,1
1968,1785,1
1968,1737,1
1969,1968,1
1969,1738,1
1969,1686,1
1970,1969,1
1970,1739,1
1971,1970,1
1971,1945,1
1971,1927,1
1971,1901,1
1971,1873,1
1971,1851,1
1972,1971,1
1972,1957,1
1972,1802,1
1972,1728,1
1972,1606,1
1973,1972,1
1973,1967,1
1973,1966,1
1973,1965,1
1973,1961,1
1973,1960,1
1974,1973,1
1974,1948,1
1974,1930,1
1974,1903,1
1974,1875,1
1974,1854,1
1975,1974,1
1975,1949,1
1975,1931,1
1975,1905,1
1975,1876,1
1975,1855,1
1976,1975,1
1976,1782,1
1976,1607,1
1977,1976,1
1977,1973,1
1977,1967,1
1977,1966,1
1977,1965,1
1977,1961,1
1978,1977,1
1978,1977,1
1978,1973,1
1978,1967,1
1978,1966,1
1978,1965,1
1979,1978,1
1979,1978,1
1979,1977,1
1979,1973,1
1979,1967,1
1979,1966,1
1980,1979,1
1980,1928,1
1980,1872,1
1980,1864,1
1980,1833,1
1980,1791,1
1981,1980,1
1981,1956,1
1981,1955,1
1981,1936,1
1981,1933,1
1981,1912,1
1982,1981,1
1982,1979,1
1982,1978,1
1982,1977,1
1982,1973,1
1982,1967,1
1983,1982,1
1983,1981,1
1983,1956,1
1983,1955,1
1983,1936,1
1983,1933,1
1984,1983,1
1984,1953,1
1984,1896,1
1984,1888,1
1984,1756,1
1984,1754,1
1985,1984,1
1985,1982,1
1985,1979,1
1985,1978,1
1985,1977,1
1985,1973,1
1986,1985,1
1986,1984,1
1986,1953,1
1986,1896,1
1986,1888,1
1986,1756,1
1987,1986,1
1987,1819,1
1987,1757,1
1987,1750,1
1987,1699,1
1987,1651,1
1988,1987,1
1988,1848,1
1988,1758,1
1988,1631,1
1989,1988,1
1989,1985,1
1989,1982,1
1989,1979,1
1989,1978,1
1989,1977,1
1990,1989,1
1990,1989,1
1990,1985,1
1990,1982,1
1990,1979,1
1990,1978,1
1991,1990,1
1991,1883,1
1991,1804,1
1991,1708,1
1991,1620,1
1992,1991,1
1992,1623,1
1993,1992,1
1993,1990,1
1993,1989,1
1993,1985,1
1993,1982,1
1993,1979,1
1994,1993,1
1994,1993,1
1994,1990,1
1994,1989,1
1994,1985,1
1994,1982,1
1995,1994,1
1995,1942,1
1995,1898,1
1995,1887,1
1995,1846,1
1995,1808,1
1996,1995,1
1996,1943,1
1996,1899,1
1996,1847,1
1996,1765,1
1996,1714,1
1997,1996,1
1997,1944,1
1997,1913,1
1997,1900,1
1997,1895,1
1997,1850,1
1998,1997,1
1998,1971,1
1998,1945,1
1998,1927,1
1998,1901,1
1998,1873,1
1999,1998,1
1999,1946,1
1999,1907,1
1999,1852,1
1999,1811,1
1999,1767,1
